SubAreaId = 0
PartId1 = 0
PartId2 = 1
19532  40800  -5.65387  0.0121038  6
11566  30879  0.0234231  -7.79907e-05  6
19019  38070  -0.865405  0.0517378  6
19534  40802  -5.84252  0.0111065  6
4115  8294  0.0361784  -0.000108524  6
15423  34623  -0.0771228  0.00429067  6
12339  33906  -0.316863  0.00172186  6
22619  41521  -1.49167  0.103023  6
15169  34333  -0.0118108  3.20802e-05  6
19538  40806  -5.98671  0.00577481  6
15427  34627  -0.103538  0.00572  6
19539  40807  -5.77295  0.0138972  6
266  7787  0.0381249  -0.000128884  6
19541  40809  -6.00797  -0.00796857  6
19028  38079  -1.16785  0.0752891  6
19543  40811  -3.00327  0.00893044  6
4124  8331  0.0392227  -0.000143268  6
15433  34633  -0.189315  0.0107364  6
8752  30469  0.0291951  -0.000133833  6
3872  7979  0.0460051  -1.51733e-06  6
15437  34637  -0.00935501  0.00113136  6
19036  38087  -0.311342  0.0187333  6
3874  7981  0.0478556  -2.10093e-06  6
19552  40820  -4.28153  0.00413919  6
19038  38089  -0.373154  0.0231513  6
15956  37374  -0.472005  0.00294009  6
15444  34644  -0.0712285  0.00459184  6
19556  40824  -5.46648  0.0294491  6
3881  7988  0.0554749  -4.20669e-06  6
15189  34353  -0.223149  0.001098  6
12363  33930  0.0141595  2.46362e-05  6
3883  7990  0.0574769  -4.88068e-06  6
3886  7993  0.0618139  -6.89604e-06  6
15195  34359  -0.389592  0.00226506  6
22648  41550  -2.30098  0.165842  6
19052  38103  -0.682924  0.0481122  6
15968  37386  -1.88364  0.0223015  6
18798  37813  -0.617766  0.00427968  6
8776  30493  0.0311188  -0.000255787  6
19056  38107  -0.784352  0.0568954  6
3894  8022  0.04361  -3.59387e-06  6
22657  41559  -2.61773  0.184999  6
19062  38113  -1.05824  0.0821373  6
12381  33949  -0.233723  0.00434244  6
19066  38117  -0.348993  0.0247061  6
306  7814  0.0195981  -7.00421e-05  6
22665  41567  -1.35619  0.111464  6
22667  41569  -1.48213  0.123965  6
19585  40854  -2.33861  0.0330308  6
19073  38124  -0.636333  0.0511358  6
8794  30511  0.0247551  -0.000146198  6
18818  37833  -1.5592  0.0163711  6
8796  30513  0.0285391  -0.000286581  6
15992  37410  -0.351697  0.00711662  6
3914  8084  0.054654  -1.09192e-05  6
18824  37839  -2.10813  0.027203  6
22681  41583  -1.96579  0.167958  6
11630  30943  0.0410089  -0.000180326  6
3920  8099  0.0588018  -1.52636e-05  6
19597  40866  -4.3841  0.0873167  6
22427  41293  -2.69486  0.0438104  6
12405  33973  0.0136739  0.000152633  6
22685  41587  -2.08983  0.17737  6
8808  30525  0.0231868  -0.000157229  6
4182  8397  0.0184407  -5.93814e-05  6
8809  30526  0.0267622  -0.000308452  6
8811  30528  0.0274578  -0.000346047  6
22691  41593  -2.37455  0.19753  6
16010  37429  -1.42017  0.0438303  6
8815  30532  0.0256928  -0.000308923  6
22695  41597  -1.38476  0.130345  6
8817  30534  0.022039  -0.000171218  6
4191  8406  0.021297  -8.67713e-05  6
8818  30535  0.0180611  -2.08428e-05  6
341  7832  0.0295058  -0.000211523  6
22702  41604  -1.83427  0.175861  6
343  7834  0.0178197  -8.15657e-05  6
12423  33991  -0.168062  0.0075317  6
22447  41313  -4.11378  0.0868378  6
12425  33993  0.0130861  0.000180985  6
19621  40890  -1.75794  0.0601009  6
11659  30972  0.0357108  -0.000190551  6
22453  41319  -4.54725  0.0868377  6
15259  34423  -0.00356731  0.000241376  6
16034  37453  -0.257301  0.0120695  6
12437  34005  -0.151311  0.00844605  6
12438  34006  0.0125946  0.000191036  6
11668  31009  0.0227227  -6.9188e-05  6
12440  34008  0.00128789  0.000654282  6
19639  40909  -3.36131  0.135622  6
11416  30657  0.0644034  -9.50027e-06  6
4220  8435  0.027961  -0.000179916  6
12444  34012  -0.0965509  0.00617586  6
4736  8542  0.0433524  5.34022e-07  6
11418  30659  0.0645878  -1.07302e-05  6
12446  34014  -0.140225  0.0090344  6
368  7846  0.0270425  -0.000237372  6
12447  34015  -0.175804  0.0114803  6
369  7847  0.0155554  -7.83854e-05  6
112  7643  0.0417284  6.32656e-07  6
370  7848  0.0166093  -8.9753e-05  6
114  7645  0.0434142  -3.98611e-07  6
372  7850  0.018122  -0.000107815  6
11425  30666  0.0560845  -1.55238e-05  6
4229  8444  0.0303856  -0.000233527  6
118  7649  0.0476893  -6.39905e-07  6
16052  37471  -1.04408  0.0653205  6
11427  30668  0.0500256  -1.64751e-05  6
16054  37473  -0.233063  0.0134944  6
4233  8448  0.016722  -7.04066e-05  6
11430  30671  0.0241761  -1.70152e-05  6
124  7655  0.0450483  -6.52743e-08  6
15288  34452  -0.162462  0.0028789  6
383  7854  0.024042  -0.000218518  6
4239  8454  0.0194309  -9.94077e-05  6
18888  37903  -0.462137  0.0100714  6
385  7856  0.0253476  -0.000255516  6
4241  8456  0.0204985  -0.000112864  6
386  7857  0.0261144  -0.000281838  6
11438  30700  0.0612605  -2.07213e-05  6
19663  40933  -1.2949  0.0859424  6
16066  37485  -0.945708  0.0714962  6
133  7664  0.0573865  -1.82705e-06  6
16067  37486  -0.216902  0.0144232  6
15297  34489  -0.289062  0.00559153  6
135  7666  0.0594479  -2.12384e-06  6
16069  37488  -0.288971  0.0198644  6
139  7670  0.0622853  -2.63673e-06  6
15045  34137  -0.0243541  -1.23865e-05  6
16073  37492  -0.733158  0.0607026  6
140  7671  0.0602253  -6.02833e-06  6
3996  8175  0.0355125  -1.9101e-05  6
15047  34139  -0.0537514  -7.71526e-06  6
16075  37494  -0.880021  0.0757146  6
142  7673  0.063931  -3.02508e-06  6
16076  37495  -0.985054  0.0868468  6
4255  8470  0.0245727  -0.000180183  6
145  7676  0.0394047  2.67225e-07  6
8626  30341  0.0631332  -7.86589e-06  6
146  7677  0.0410671  -1.48298e-06  6
4259  8474  0.0256212  -0.000202188  6
15054  34146  -0.237998  3.95055e-05  6
8630  30345  0.0666357  -4.23168e-06  6
19681  40951  -2.49653  0.177626  6
11458  30762  0.0478844  -3.36001e-05  6
15056  34148  -0.30918  6.4103e-05  6
19683  40953  -1.17451  0.0934465  6
4265  8480  0.0278559  -0.000261851  6
15059  34151  -0.533345  0.000160812  6
155  7686  0.0495664  -9.05548e-07  6
8636  30351  0.0653025  -3.47175e-06  6
11464  30777  0.0236453  -3.22737e-05  6
18917  37932  -1.1749  0.0337483  6
4269  8484  0.01918  -0.000122397  6
22517  41383  -2.01675  0.0744101  6
159  7690  0.0572865  -1.34061e-05  6
4016  8195  0.045163  -4.89336e-05  6
15067  34180  -0.0221255  -1.7797e-05  6
19695  40965  -2.26536  0.189804  6
4276  8491  0.0230295  -0.00019413  6
8645  30360  0.0579917  -7.19703e-06  6
19696  40966  -1.09406  0.0986452  6
18926  37969  -1.58784  0.0515513  6
8647  30362  0.0516848  -7.73645e-06  6
19698  40968  -1.2616  0.116954  6
11732  31081  0.0318903  -0.000287969  6
4022  8201  0.0487611  -6.6306e-05  6
8651  30366  0.037776  -8.3034e-06  6
18674  37617  -0.846116  0.000340445  6
19702  40972  -1.95161  0.185886  6
8652  30367  0.0366485  -1.7213e-05  6
18676  37619  -1.00852  0.000452865  6
19704  40974  -2.10999  0.19838  6
8654  30369  0.0248153  -8.42613e-06  6
19705  40975  -2.21076  0.206239  6
8656  30371  0.0600556  -1.73138e-05  6
12255  33821  0.00813175  -1.60485e-05  6
18683  37626  -1.84599  0.00126257  6
12259  33825  -0.0257974  -7.11396e-06  6
15087  34242  -0.290525  0.000173188  6
18685  37628  -2.12081  0.00163964  6
8665  30380  0.0668337  -4.80829e-06  6
18688  37631  -2.87412  0.00314897  6
12265  33831  0.00814443  -8.24867e-06  6
15093  34257  -0.50162  0.000403671  6
22546  41412  -3.10484  0.127578  6
8669  30384  0.035354  -3.38618e-05  6
18696  37660  -0.796011  0.000824405  6
193  7725  0.0317089  -7.7594e-06  6
194  7726  0.0332329  -1.24736e-05  6
12274  33840  -0.247437  1.2758e-05  6
11761  31110  0.0292526  -0.000261096  6
22555  41449  -3.51778  0.140478  6
12276  33842  -0.32134  2.25961e-05  6
15361  34561  0.00026921  0.000546611  6
12280  33846  -0.451965  4.32086e-05  6
22303  41097  -3.72354  0.00640794  6
12281  33847  -0.434891  0.000114917  6
22305  41099  -4.09665  0.00879675  6
12283  33849  -0.554378  6.18308e-05  6
11770  31119  0.0200528  -2.22819e-05  6
206  7738  0.0474576  -5.90057e-05  6
12285  33851  0.00857092  -2.86891e-05  6
15884  37301  -0.64584  0.000219668  6
22312  41106  -5.42197  0.0243087  6
15888  37305  -0.881305  0.000137032  6
18716  37722  -1.99302  0.00373288  6
22314  41108  -5.61013  0.022021  6
11778  31127  0.0292749  -0.000322221  6
12294  33860  -0.0561654  -5.49226e-06  6
11780  31129  0.029543  -0.00034281  6
22317  41111  -5.85332  0.00696045  6
8698  30414  0.0498303  -7.40496e-05  6
15894  37311  -0.671503  8.63796e-05  6
18722  37737  -2.69806  0.00692511  6
12298  33864  -0.408998  0.000294948  6
22325  41140  -3.48793  0.0132882  6
15903  37320  -1.92191  0.000530955  6
15390  34590  -0.115407  0.0050897  6
15905  37322  -2.20826  0.000695181  6
11794  31143  0.0286313  -0.000335241  6
8710  30426  0.0323349  -9.82008e-05  6
18990  38041  -0.342111  0.0167964  6
4086  8265  0.0279855  -4.79813e-05  6
11540  30853  0.0508596  -8.62933e-05  6
15909  37326  -2.66839  0.00104109  6
11798  31147  0.0272054  -0.000287969  6
15910  37327  -2.56155  0.00241954  6
15912  37329  -2.99556  0.00137027  6
15399  34599  -0.209663  0.00958812  6
15914  37331  -0.607288  0.000542183  6
19513  40781  -3.20231  0.00414223  6
11804  31153  0.0189201  -1.68004e-05  6
239  7767  0.0246557  -2.8067e-05  6
240  7768  0.0260018  -3.60379e-05  6
19517  40785  -3.89085  0.00293234  6
11808  31157  0.0277443  -0.000369068  6
22345  41202  -5.27712  0.0397457  6
15407  34607  0.000760104  0.000625586  6
15923  37340  -1.04962  0.000184085  6
15409  34609  -0.0102684  0.00105863  6
12327  33894  0.0118506  -4.62051e-05  6
19523  40791  -3.33988  0.00183246  6
22351  41217  -5.57768  0.0221688  6
11815  31164  0.0270375  -0.000361598  6
15927  37344  -2.40626  0.00540436  6
11560  30873  0.0416782  -0.000112869  6
8734  30450  0.040122  -0.000158088  6
SubAreaId = 1
PartId1 = 0
PartId2 = 1
4088  8267  0.0293125  -5.64425e-05  6
18698  37662  -0.947158  0.00108191  6
15282  34446  -0.12193  0.00212303  6
22519  41385  -2.19189  0.0847515  6
15083  34229  -0.22335  0.000113446  6
11734  31083  0.0321469  -0.000306693  6
3896  8024  0.0453907  -4.79828e-06  6
22327  41142  -3.82987  0.0175512  6
18911  37926  -1.0175  0.0279617  6
11542  30855  0.051036  -9.45858e-05  6
18712  37709  -1.73449  0.00290583  6
15363  34563  -0.0117946  0.000931207  6
4109  8288  0.0347265  -9.58794e-05  6
3910  8071  0.0527303  -9.44211e-06  6
22540  41406  -2.914  0.120862  6
15171  34335  -0.0329763  0.000113359  6
11755  31104  0.0308936  -0.000302309  6
22341  41189  -5.1368  0.0566485  6
18992  38043  -0.40929  0.0207978  6
11556  30869  0.0457342  -0.000115083  6
4193  8408  0.022426  -9.91819e-05  6
18800  37815  -0.733338  0.00546659  6
11632  30945  0.0412171  -0.000194176  6
15384  34584  -0.0860583  0.00381168  6
22621  41523  -1.62754  0.114936  6
15185  34349  -0.169664  0.000782414  6
3998  8177  0.0370662  -2.35106e-05  6
11440  30702  0.0614323  -2.32051e-05  6
22429  41295  -2.93877  0.0524438  6
15261  34425  -0.0195001  0.000456958  6
19013  38064  -0.752275  0.043621  6
18814  37829  -1.3526  0.013189  6
4012  8191  0.0434643  -4.27869e-05  6
4214  8429  0.0268163  -0.00016013  6
15069  34182  -0.049595  -5.16246e-06  6
11653  30966  0.0383322  -0.000208497  6
18890  37905  -0.549414  0.0126208  6
22642  41544  -2.16153  0.156918  6
11454  30749  0.0535378  -3.22105e-05  6
22443  41309  -3.89657  0.0838468  6
SubAreaId = 1
PartId1 = 1
PartId2 = 2
41406  41927  0.120862  -2.914  1000
8177  8570  -2.35106e-05  0.0370662  1000
37926  41847  0.0279617  -1.0175  1000
41544  41945  0.156918  -2.16153  1000
41142  41900  0.0175512  -3.82987  1000
38064  41865  0.043621  -0.752275  1000
37662  41820  0.00108191  -0.947158  1000
34446  41767  0.00212303  -0.12193  1000
34584  41785  0.00381168  -0.0860583  1000
34182  41740  -5.16246e-06  -0.049595  1000
30966  41687  -0.000208497  0.0383322  1000
31104  41705  -0.000302309  0.0308936  1000
30702  41660  -2.32051e-05  0.0614323  1000
8191  8561  -4.27869e-05  0.0434643  1000
41295  41918  0.0524438  -2.93877  1000
8267  8588  -5.64425e-05  0.0293125  1000
37815  41838  0.00546659  -0.733338  1000
34335  41758  0.000113359  -0.0329763  1000
8071  8543  -9.44211e-06  0.0527303  1000
8408  8606  -9.91819e-05  0.022426  1000
30855  41678  -9.45858e-05  0.051036  1000
41309  41909  0.0838468  -3.89657  1000
37829  41829  0.013189  -1.3526  1000
34349  41749  0.000782414  -0.169664  1000
41385  41936  0.0847515  -2.19189  1000
8288  8579  -9.58794e-05  0.0347265  1000
30869  41669  -0.000115083  0.0457342  1000
41523  41954  0.114936  -1.62754  1000
37905  41856  0.0126208  -0.549414  1000
41189  41891  0.0566485  -5.14335  -5.2
8024  8552  -4.79828e-06  0.0453907  1000
38043  41874  0.0207978  -0.40929  1000
34425  41776  0.000456958  -0.0195001  1000
8429  8597  -0.00016013  0.0268163  1000
37709  41811  0.00290583  -1.73449  1000
34563  41794  0.000931207  -0.0117946  1000
30945  41696  -0.000194176  0.0412171  1000
34229  41731  0.000113446  -0.22335  1000
31083  41714  -0.000306693  0.0321469  1000
30749  41651  -3.22105e-05  0.0535378  1000
