NumPolys = 505

QuadrangleId = 0
n_id   x   y   z
22642 543 913.5 31.8
22540 471.5 913.5 31.8
22519 471.5 823.5 31.8
22621 543 823.5 31.8

QuadrangleId = 1
n_id   x   y   z
41544 543 913.5 24
41406 471.5 913.5 24
41385 471.5 823.5 24
41523 543 823.5 24

QuadrangleId = 2
n_id   x   y   z
41945 543 913.5 -1.2
41927 471.5 913.5 -1.2
41936 471.5 823.5 -1.2
41954 543 823.5 -1.2

QuadrangleId = 3
n_id   x   y   z
22540 471.5 913.5 31.8
22519 471.5 823.5 31.8
22429 400 823.5 31.8
22443 400 913.5 31.8

QuadrangleId = 4
n_id   x   y   z
41406 471.5 913.5 24
41385 471.5 823.5 24
41295 400 823.5 24
41309 400 913.5 24

QuadrangleId = 5
n_id   x   y   z
41927 471.5 913.5 -1.2
41936 471.5 823.5 -1.2
41918 400 823.5 -1.2
41909 400 913.5 -1.2

QuadrangleId = 6
n_id   x   y   z
22443 400 913.5 31.8
22429 400 823.5 31.8
22327 328.5 823.5 31.8
22341 328.5 913.5 31.8

QuadrangleId = 7
n_id   x   y   z
41309 400 913.5 24
41295 400 823.5 24
41142 328.5 823.5 24
41189 328.5 913.5 24

QuadrangleId = 8
n_id   x   y   z
41909 400 913.5 -1.2
41918 400 823.5 -1.2
41900 328.5 823.5 -1.2
41891 328.5 913.5 -1.2

QuadrangleId = 13
n_id   x   y   z
19013 543 663.5 31.8
18911 471.5 663.5 31.8
18890 471.5 573.5 31.8
18992 543 573.5 31.8

QuadrangleId = 14
n_id   x   y   z
38064 543 663.5 24
37926 471.5 663.5 24
37905 471.5 573.5 24
38043 543 573.5 24

QuadrangleId = 15
n_id   x   y   z
41865 543 663.5 -1.2
41847 471.5 663.5 -1.2
41856 471.5 573.5 -1.2
41874 543 573.5 -1.2

QuadrangleId = 20
n_id   x   y   z
15384 543 413.5 31.8
15282 471.5 413.5 31.8
15261 471.5 323.5 31.8
15363 543 323.5 31.8

QuadrangleId = 21
n_id   x   y   z
34584 543 413.5 24
34446 471.5 413.5 24
34425 471.5 323.5 24
34563 543 323.5 24

QuadrangleId = 22
n_id   x   y   z
41785 543 413.5 -1.2
41767 471.5 413.5 -1.2
41776 471.5 323.5 -1.2
41794 543 323.5 -1.2

QuadrangleId = 27
n_id   x   y   z
11755 543 163.5 31.8
11653 471.5 163.5 31.8
11632 471.5 73.5 31.8
11734 543 73.5 31.8

QuadrangleId = 28
n_id   x   y   z
31104 543 163.5 24
30966 471.5 163.5 24
30945 471.5 73.5 24
31083 543 73.5 24

QuadrangleId = 29
n_id   x   y   z
41705 543 163.5 -1.2
41687 471.5 163.5 -1.2
41696 471.5 73.5 -1.2
41714 543 73.5 -1.2

QuadrangleId = 34
n_id   x   y   z
4214 543 -86.5 31.8
4109 471.5 -86.5 31.8
4088 471.5 -176.5 31.8
4193 543 -176.5 31.8

QuadrangleId = 35
n_id   x   y   z
8429 543 -86.5 24
8288 471.5 -86.5 24
8267 471.5 -176.5 24
8408 543 -176.5 24

QuadrangleId = 36
n_id   x   y   z
8597 543 -86.5 -1.2
8579 471.5 -86.5 -1.2
8588 471.5 -176.5 -1.2
8606 543 -176.5 -1.2

QuadrangleId = 91
n_id   x   y   z
18814 400 663.5 31.8
18911 471.5 663.5 31.8
18890 471.5 573.5 31.8
18800 400 573.5 31.8

QuadrangleId = 92
n_id   x   y   z
37829 400 663.5 24
37926 471.5 663.5 24
37905 471.5 573.5 24
37815 400 573.5 24

QuadrangleId = 93
n_id   x   y   z
41829 400 663.5 -1.2
41847 471.5 663.5 -1.2
41856 471.5 573.5 -1.2
41838 400 573.5 -1.2

QuadrangleId = 98
n_id   x   y   z
18800 400 573.5 31.8
18814 400 663.5 31.8
18712 328.5 663.5 31.8
18698 328.5 573.5 31.8

QuadrangleId = 99
n_id   x   y   z
37815 400 573.5 24
37829 400 663.5 24
37709 328.5 663.5 24
37662 328.5 573.5 24

QuadrangleId = 100
n_id   x   y   z
41838 400 573.5 -1.2
41829 400 663.5 -1.2
41811 328.5 663.5 -1.2
41820 328.5 573.5 -1.2

QuadrangleId = 107
n_id   x   y   z
15185 400 413.5 31.8
15282 471.5 413.5 31.8
15261 471.5 323.5 31.8
15171 400 323.5 31.8

QuadrangleId = 108
n_id   x   y   z
34349 400 413.5 24
34446 471.5 413.5 24
34425 471.5 323.5 24
34335 400 323.5 24

QuadrangleId = 109
n_id   x   y   z
41749 400 413.5 -1.2
41767 471.5 413.5 -1.2
41776 471.5 323.5 -1.2
41758 400 323.5 -1.2

QuadrangleId = 120
n_id   x   y   z
15171 400 323.5 31.8
15185 400 413.5 31.8
15083 328.5 413.5 31.8
15069 328.5 323.5 31.8

QuadrangleId = 121
n_id   x   y   z
34335 400 323.5 24
34349 400 413.5 24
34229 328.5 413.5 24
34182 328.5 323.5 24

QuadrangleId = 122
n_id   x   y   z
41758 400 323.5 -1.2
41749 400 413.5 -1.2
41731 328.5 413.5 -1.2
41740 328.5 323.5 -1.2

QuadrangleId = 135
n_id   x   y   z
11632 471.5 73.5 31.8
11653 471.5 163.5 31.8
11556 400 163.5 31.8
11542 400 73.5 31.8

QuadrangleId = 136
n_id   x   y   z
30945 471.5 73.5 24
30966 471.5 163.5 24
30869 400 163.5 24
30855 400 73.5 24

QuadrangleId = 137
n_id   x   y   z
41696 471.5 73.5 -1.2
41687 471.5 163.5 -1.2
41669 400 163.5 -1.2
41678 400 73.5 -1.2

QuadrangleId = 138
n_id   x   y   z
11542 400 73.5 31.8
11556 400 163.5 31.8
11454 328.5 163.5 31.8
11440 328.5 73.5 31.8

QuadrangleId = 139
n_id   x   y   z
30855 400 73.5 24
30869 400 163.5 24
30749 328.5 163.5 24
30702 328.5 73.5 24

QuadrangleId = 140
n_id   x   y   z
41678 400 73.5 -1.2
41669 400 163.5 -1.2
41651 328.5 163.5 -1.2
41660 328.5 73.5 -1.2

QuadrangleId = 155
n_id   x   y   z
4088 471.5 -176.5 31.8
4109 471.5 -86.5 31.8
4012 400 -86.5 31.8
3998 400 -176.5 31.8

QuadrangleId = 156
n_id   x   y   z
8267 471.5 -176.5 24
8288 471.5 -86.5 24
8191 400 -86.5 24
8177 400 -176.5 24

QuadrangleId = 157
n_id   x   y   z
8588 471.5 -176.5 -1.2
8579 471.5 -86.5 -1.2
8561 400 -86.5 -1.2
8570 400 -176.5 -1.2

QuadrangleId = 160
n_id   x   y   z
3998 400 -176.5 31.8
4012 400 -86.5 31.8
3910 328.5 -86.5 31.8
3896 328.5 -176.5 31.8

QuadrangleId = 161
n_id   x   y   z
8177 400 -176.5 24
8191 400 -86.5 24
8071 328.5 -86.5 24
8024 328.5 -176.5 24

QuadrangleId = 162
n_id   x   y   z
8570 400 -176.5 -1.2
8561 400 -86.5 -1.2
8543 328.5 -86.5 -1.2
8552 328.5 -176.5 -1.2

QuadrangleId = 169
n_id   x   y   z
4193 543 -176.5 31.8
4088 471.5 -176.5 31.8
4086 471.5 -199.833 31.8
4191 543 -199.833 31.8

QuadrangleId = 170
n_id   x   y   z
4191 543 -199.833 31.8
4086 471.5 -199.833 31.8
240 471.5 -234 31.8
306 543 -234 31.8

QuadrangleId = 171
n_id   x   y   z
306 543 -234 31.8
240 471.5 -234 31.8
239 471.5 -256.5 31.8
4182 543 -256.5 31.8

QuadrangleId = 172
n_id   x   y   z
8408 543 -176.5 24
8267 471.5 -176.5 24
8265 471.5 -199.833 24
8406 543 -199.833 24

QuadrangleId = 173
n_id   x   y   z
8406 543 -199.833 24
8265 471.5 -199.833 24
7768 471.5 -234 24
7814 543 -234 24

QuadrangleId = 174
n_id   x   y   z
7814 543 -234 24
7768 471.5 -234 24
7767 471.5 -256.5 24
8397 543 -256.5 24

QuadrangleId = 185
n_id   x   y   z
22341 328.5 913.5 31.8
22312 307.57 913.5 31.8
22305 307.57 823.5 31.8
22327 328.5 823.5 31.8

QuadrangleId = 186
n_id   x   y   z
22312 307.57 913.5 31.8
19532 293 913.5 31.8
19552 293 823.5 31.8
22305 307.57 823.5 31.8

QuadrangleId = 187
n_id   x   y   z
41189 328.5 913.5 24
41106 307.57 913.5 24
41099 307.57 823.5 24
41142 328.5 823.5 24

QuadrangleId = 188
n_id   x   y   z
41106 307.57 913.5 24
40800 293 913.5 24
40820 293 823.5 24
41099 307.57 823.5 24

QuadrangleId = 197
n_id   x   y   z
18712 328.5 663.5 31.8
18683 307.57 663.5 31.8
18676 307.57 573.5 31.8
18698 328.5 573.5 31.8

QuadrangleId = 198
n_id   x   y   z
18683 307.57 663.5 31.8
15903 293 663.5 31.8
15923 293 573.5 31.8
18676 307.57 573.5 31.8

QuadrangleId = 199
n_id   x   y   z
37709 328.5 663.5 24
37626 307.57 663.5 24
37619 307.57 573.5 24
37662 328.5 573.5 24

QuadrangleId = 200
n_id   x   y   z
37626 307.57 663.5 24
37320 293 663.5 24
37340 293 573.5 24
37619 307.57 573.5 24

QuadrangleId = 209
n_id   x   y   z
15083 328.5 413.5 31.8
15054 307.57 413.5 31.8
15047 307.57 323.5 31.8
15069 328.5 323.5 31.8

QuadrangleId = 210
n_id   x   y   z
15054 307.57 413.5 31.8
12274 293 413.5 31.8
12294 293 323.5 31.8
15047 307.57 323.5 31.8

QuadrangleId = 211
n_id   x   y   z
34229 328.5 413.5 24
34146 307.57 413.5 24
34139 307.57 323.5 24
34182 328.5 323.5 24

QuadrangleId = 212
n_id   x   y   z
34146 307.57 413.5 24
33840 293 413.5 24
33860 293 323.5 24
34139 307.57 323.5 24

QuadrangleId = 221
n_id   x   y   z
11454 328.5 163.5 31.8
11425 307.57 163.5 31.8
11418 307.57 73.5 31.8
11440 328.5 73.5 31.8

QuadrangleId = 222
n_id   x   y   z
11425 307.57 163.5 31.8
8645 293 163.5 31.8
8665 293 73.5 31.8
11418 307.57 73.5 31.8

QuadrangleId = 223
n_id   x   y   z
30749 328.5 163.5 24
30666 307.57 163.5 24
30659 307.57 73.5 24
30702 328.5 73.5 24

QuadrangleId = 224
n_id   x   y   z
30666 307.57 163.5 24
30360 293 163.5 24
30380 293 73.5 24
30659 307.57 73.5 24

QuadrangleId = 233
n_id   x   y   z
4088 471.5 -176.5 31.8
3998 400 -176.5 31.8
3996 400 -199.833 31.8
4086 471.5 -199.833 31.8

QuadrangleId = 234
n_id   x   y   z
4086 471.5 -199.833 31.8
3996 400 -199.833 31.8
194 400 -234 31.8
240 471.5 -234 31.8

QuadrangleId = 235
n_id   x   y   z
240 471.5 -234 31.8
194 400 -234 31.8
193 400 -256.5 31.8
239 471.5 -256.5 31.8

QuadrangleId = 236
n_id   x   y   z
8267 471.5 -176.5 24
8177 400 -176.5 24
8175 400 -199.833 24
8265 471.5 -199.833 24

QuadrangleId = 237
n_id   x   y   z
8265 471.5 -199.833 24
8175 400 -199.833 24
7726 400 -234 24
7768 471.5 -234 24

QuadrangleId = 238
n_id   x   y   z
7768 471.5 -234 24
7726 400 -234 24
7725 400 -256.5 24
7767 471.5 -256.5 24

QuadrangleId = 239
n_id   x   y   z
3998 400 -176.5 31.8
3896 328.5 -176.5 31.8
3894 328.5 -199.833 31.8
3996 400 -199.833 31.8

QuadrangleId = 240
n_id   x   y   z
3996 400 -199.833 31.8
3894 328.5 -199.833 31.8
146 328.5 -234 31.8
194 400 -234 31.8

QuadrangleId = 241
n_id   x   y   z
194 400 -234 31.8
146 328.5 -234 31.8
145 328.5 -256.5 31.8
193 400 -256.5 31.8

QuadrangleId = 242
n_id   x   y   z
8177 400 -176.5 24
8024 328.5 -176.5 24
8022 328.5 -199.833 24
8175 400 -199.833 24

QuadrangleId = 243
n_id   x   y   z
8175 400 -199.833 24
8022 328.5 -199.833 24
7677 328.5 -234 24
7726 400 -234 24

QuadrangleId = 244
n_id   x   y   z
7726 400 -234 24
7677 328.5 -234 24
7676 328.5 -256.5 24
7725 400 -256.5 24

QuadrangleId = 245
n_id   x   y   z
3910 328.5 -86.5 31.8
3881 307.57 -86.5 31.8
3874 307.57 -176.5 31.8
3896 328.5 -176.5 31.8

QuadrangleId = 246
n_id   x   y   z
3881 307.57 -86.5 31.8
133 293 -86.5 31.8
155 293 -176.5 31.8
3874 307.57 -176.5 31.8

QuadrangleId = 247
n_id   x   y   z
8071 328.5 -86.5 24
7988 307.57 -86.5 24
7981 307.57 -176.5 24
8024 328.5 -176.5 24

QuadrangleId = 248
n_id   x   y   z
7988 307.57 -86.5 24
7664 293 -86.5 24
7686 293 -176.5 24
7981 307.57 -176.5 24

QuadrangleId = 249
n_id   x   y   z
3896 328.5 -176.5 31.8
3874 307.57 -176.5 31.8
3872 307.57 -199.988 31.8
3894 328.5 -199.833 31.8

QuadrangleId = 250
n_id   x   y   z
3874 307.57 -176.5 31.8
155 293 -176.5 31.8
118 293 -199.833 31.8
3872 307.57 -199.988 31.8

QuadrangleId = 251
n_id   x   y   z
3894 328.5 -199.833 31.8
3872 307.57 -199.988 31.8
114 307.57 -234 31.8
146 328.5 -234 31.8

QuadrangleId = 252
n_id   x   y   z
3872 307.57 -199.988 31.8
118 293 -199.833 31.8
124 293 -234 31.7998
114 307.57 -234 31.8

QuadrangleId = 253
n_id   x   y   z
146 328.5 -234 31.8
114 307.57 -234 31.8
112 307.57 -256.5 31.8
145 328.5 -256.5 31.8

QuadrangleId = 254
n_id   x   y   z
114 307.57 -234 31.8
124 293 -234 31.7998
4736 293 -256.5 31.7994
112 307.57 -256.5 31.8

QuadrangleId = 255
n_id   x   y   z
8024 328.5 -176.5 24
7981 307.57 -176.5 24
7979 307.57 -199.988 24
8022 328.5 -199.833 24

QuadrangleId = 256
n_id   x   y   z
7981 307.57 -176.5 24
7686 293 -176.5 24
7649 293 -199.833 24
7979 307.57 -199.988 24

QuadrangleId = 257
n_id   x   y   z
8022 328.5 -199.833 24
7979 307.57 -199.988 24
7645 307.57 -234 24
7677 328.5 -234 24

QuadrangleId = 258
n_id   x   y   z
7979 307.57 -199.988 24
7649 293 -199.833 24
7655 293 -234 23.9998
7645 307.57 -234 24

QuadrangleId = 259
n_id   x   y   z
7677 328.5 -234 24
7645 307.57 -234 24
7643 307.57 -256.5 24
7676 328.5 -256.5 24

QuadrangleId = 260
n_id   x   y   z
7645 307.57 -234 24
7655 293 -234 23.9998
8542 293 -256.5 23.9994
7643 307.57 -256.5 24

QuadrangleId = 261
n_id   x   y   z
4229 543 -6.50004 31.8
4124 471.5 -6.50004 31.8
266 471.5 -29 31.8
341 543 -29.0001 31.8

QuadrangleId = 262
n_id   x   y   z
341 543 -29.0001 31.8
266 471.5 -29 31.8
4115 471.5 -63.1668 31.8
4220 543 -63.1668 31.8

QuadrangleId = 263
n_id   x   y   z
4220 543 -63.1668 31.8
4115 471.5 -63.1668 31.8
4109 471.5 -86.5 31.8
4214 543 -86.5 31.8

QuadrangleId = 264
n_id   x   y   z
8444 543 -6.50004 24
8331 471.5 -6.50004 24
7787 471.5 -29 24
7832 543 -29.0001 24

QuadrangleId = 265
n_id   x   y   z
7832 543 -29.0001 24
7787 471.5 -29 24
8294 471.5 -63.1668 24
8435 543 -63.1668 24

QuadrangleId = 266
n_id   x   y   z
8435 543 -63.1668 24
8294 471.5 -63.1668 24
8288 471.5 -86.5 24
8429 543 -86.5 24

QuadrangleId = 267
n_id   x   y   z
4276 580 -86.5 31.8
4255 564.7 -86.5 31.8
4241 564.7 -176.5 31.8
4269 580 -176.5 31.8

QuadrangleId = 268
n_id   x   y   z
4255 564.7 -86.5 31.8
4214 543 -86.5 31.8
4193 543 -176.5 31.8
4241 564.7 -176.5 31.8

QuadrangleId = 269
n_id   x   y   z
8491 580 -86.5 24
8470 564.7 -86.5 24
8456 564.7 -176.5 24
8484 580 -176.5 24

QuadrangleId = 270
n_id   x   y   z
8470 564.7 -86.5 24
8429 543 -86.5 24
8408 543 -176.5 24
8456 564.7 -176.5 24

QuadrangleId = 271
n_id   x   y   z
386 580 -6.50005 31.8
4265 564.7 -6.50005 31.8
368 564.7 -29.0001 31.8
385 580 -29.0001 31.8

QuadrangleId = 272
n_id   x   y   z
4265 564.7 -6.50005 31.8
4229 543 -6.50004 31.8
341 543 -29.0001 31.8
368 564.7 -29.0001 31.8

QuadrangleId = 273
n_id   x   y   z
385 580 -29.0001 31.8
368 564.7 -29.0001 31.8
4259 564.7 -63.1668 31.8
383 580 -62.4114 31.8

QuadrangleId = 274
n_id   x   y   z
368 564.7 -29.0001 31.8
341 543 -29.0001 31.8
4220 543 -63.1668 31.8
4259 564.7 -63.1668 31.8

QuadrangleId = 275
n_id   x   y   z
383 580 -62.4114 31.8
4259 564.7 -63.1668 31.8
4255 564.7 -86.5 31.8
4276 580 -86.5 31.8

QuadrangleId = 276
n_id   x   y   z
4259 564.7 -63.1668 31.8
4220 543 -63.1668 31.8
4214 543 -86.5 31.8
4255 564.7 -86.5 31.8

QuadrangleId = 277
n_id   x   y   z
7857 580 -6.50005 24
8480 564.7 -6.50005 24
7846 564.7 -29.0001 24
7856 580 -29.0001 24

QuadrangleId = 278
n_id   x   y   z
8480 564.7 -6.50005 24
8444 543 -6.50004 24
7832 543 -29.0001 24
7846 564.7 -29.0001 24

QuadrangleId = 279
n_id   x   y   z
7856 580 -29.0001 24
7846 564.7 -29.0001 24
8474 564.7 -63.1668 24
7854 580 -62.4114 24

QuadrangleId = 280
n_id   x   y   z
7846 564.7 -29.0001 24
7832 543 -29.0001 24
8435 543 -63.1668 24
8474 564.7 -63.1668 24

QuadrangleId = 281
n_id   x   y   z
7854 580 -62.4114 24
8474 564.7 -63.1668 24
8470 564.7 -86.5 24
8491 580 -86.5 24

QuadrangleId = 282
n_id   x   y   z
8474 564.7 -63.1668 24
8435 543 -63.1668 24
8429 543 -86.5 24
8470 564.7 -86.5 24

QuadrangleId = 287
n_id   x   y   z
11815 580 163.5 31.8
11794 564.7 163.5 31.8
11780 564.7 73.5 31.8
11808 580 73.5 31.8

QuadrangleId = 288
n_id   x   y   z
11794 564.7 163.5 31.8
11755 543 163.5 31.8
11734 543 73.5 31.8
11780 564.7 73.5 31.8

QuadrangleId = 289
n_id   x   y   z
31164 580 163.5 24
31143 564.7 163.5 24
31129 564.7 73.5 24
31157 580 73.5 24

QuadrangleId = 290
n_id   x   y   z
31143 564.7 163.5 24
31104 543 163.5 24
31083 543 73.5 24
31129 564.7 73.5 24

QuadrangleId = 299
n_id   x   y   z
15444 580 413.5 31.8
15423 564.7 413.5 31.8
15409 564.7 323.5 31.8
15437 580 323.5 31.8

QuadrangleId = 300
n_id   x   y   z
15423 564.7 413.5 31.8
15384 543 413.5 31.8
15363 543 323.5 31.8
15409 564.7 323.5 31.8

QuadrangleId = 301
n_id   x   y   z
34644 580 413.5 24
34623 564.7 413.5 24
34609 564.7 323.5 24
34637 580 323.5 24

QuadrangleId = 302
n_id   x   y   z
34623 564.7 413.5 24
34584 543 413.5 24
34563 543 323.5 24
34609 564.7 323.5 24

QuadrangleId = 311
n_id   x   y   z
19073 580 663.5 31.8
19052 564.7 663.5 31.8
19038 564.7 573.5 31.8
19066 580 573.5 31.8

QuadrangleId = 312
n_id   x   y   z
19052 564.7 663.5 31.8
19013 543 663.5 31.8
18992 543 573.5 31.8
19038 564.7 573.5 31.8

QuadrangleId = 313
n_id   x   y   z
38124 580 663.5 24
38103 564.7 663.5 24
38089 564.7 573.5 24
38117 580 573.5 24

QuadrangleId = 314
n_id   x   y   z
38103 564.7 663.5 24
38064 543 663.5 24
38043 543 573.5 24
38089 564.7 573.5 24

QuadrangleId = 323
n_id   x   y   z
22702 580 913.5 31.8
22681 564.7 913.5 31.8
22667 564.7 823.5 31.8
22695 580 823.5 31.8

QuadrangleId = 324
n_id   x   y   z
22681 564.7 913.5 31.8
22642 543 913.5 31.8
22621 543 823.5 31.8
22667 564.7 823.5 31.8

QuadrangleId = 325
n_id   x   y   z
41604 580 913.5 24
41583 564.7 913.5 24
41569 564.7 823.5 24
41597 580 823.5 24

QuadrangleId = 326
n_id   x   y   z
41583 564.7 913.5 24
41544 543 913.5 24
41523 543 823.5 24
41569 564.7 823.5 24

QuadrangleId = 331
n_id   x   y   z
4124 471.5 -6.50004 31.8
4022 400 -6.50003 31.8
206 400 -29 31.8
266 471.5 -29 31.8

QuadrangleId = 332
n_id   x   y   z
266 471.5 -29 31.8
206 400 -29 31.8
4016 400 -63.1667 31.8
4115 471.5 -63.1668 31.8

QuadrangleId = 333
n_id   x   y   z
4115 471.5 -63.1668 31.8
4016 400 -63.1667 31.8
4012 400 -86.5 31.8
4109 471.5 -86.5 31.8

QuadrangleId = 334
n_id   x   y   z
8331 471.5 -6.50004 24
8201 400 -6.50003 24
7738 400 -29 24
7787 471.5 -29 24

QuadrangleId = 335
n_id   x   y   z
7787 471.5 -29 24
7738 400 -29 24
8195 400 -63.1667 24
8294 471.5 -63.1668 24

QuadrangleId = 336
n_id   x   y   z
8294 471.5 -63.1668 24
8195 400 -63.1667 24
8191 400 -86.5 24
8288 471.5 -86.5 24

QuadrangleId = 337
n_id   x   y   z
4022 400 -6.50003 31.8
3920 328.5 -6.50003 31.8
159 328.5 -29 31.8
206 400 -29 31.8

QuadrangleId = 338
n_id   x   y   z
206 400 -29 31.8
159 328.5 -29 31.8
3914 328.5 -63.1667 31.8
4016 400 -63.1667 31.8

QuadrangleId = 339
n_id   x   y   z
4016 400 -63.1667 31.8
3914 328.5 -63.1667 31.8
3910 328.5 -86.5 31.8
4012 400 -86.5 31.8

QuadrangleId = 340
n_id   x   y   z
8201 400 -6.50003 24
8099 328.5 -6.50003 24
7690 328.5 -29 24
7738 400 -29 24

QuadrangleId = 341
n_id   x   y   z
7738 400 -29 24
7690 328.5 -29 24
8084 328.5 -63.1667 24
8195 400 -63.1667 24

QuadrangleId = 342
n_id   x   y   z
8195 400 -63.1667 24
8084 328.5 -63.1667 24
8071 328.5 -86.5 24
8191 400 -86.5 24

QuadrangleId = 343
n_id   x   y   z
4269 580 -176.5 31.8
4241 564.7 -176.5 31.8
4239 564.7 -199.833 31.8
372 580 -200.606 31.8

QuadrangleId = 344
n_id   x   y   z
4241 564.7 -176.5 31.8
4193 543 -176.5 31.8
4191 543 -199.833 31.8
4239 564.7 -199.833 31.8

QuadrangleId = 345
n_id   x   y   z
372 580 -200.606 31.8
4239 564.7 -199.833 31.8
343 564.7 -234 31.8
370 580 -234 31.8

QuadrangleId = 346
n_id   x   y   z
4239 564.7 -199.833 31.8
4191 543 -199.833 31.8
306 543 -234 31.8
343 564.7 -234 31.8

QuadrangleId = 347
n_id   x   y   z
370 580 -234 31.8
343 564.7 -234 31.8
4233 564.7 -256.5 31.8
369 580 -256.5 31.8

QuadrangleId = 348
n_id   x   y   z
343 564.7 -234 31.8
306 543 -234 31.8
4182 543 -256.5 31.8
4233 564.7 -256.5 31.8

QuadrangleId = 349
n_id   x   y   z
8484 580 -176.5 24
8456 564.7 -176.5 24
8454 564.7 -199.833 24
7850 580 -200.606 24

QuadrangleId = 350
n_id   x   y   z
8456 564.7 -176.5 24
8408 543 -176.5 24
8406 543 -199.833 24
8454 564.7 -199.833 24

QuadrangleId = 351
n_id   x   y   z
7850 580 -200.606 24
8454 564.7 -199.833 24
7834 564.7 -234 24
7848 580 -234 24

QuadrangleId = 352
n_id   x   y   z
8454 564.7 -199.833 24
8406 543 -199.833 24
7814 543 -234 24
7834 564.7 -234 24

QuadrangleId = 353
n_id   x   y   z
7848 580 -234 24
7834 564.7 -234 24
8448 564.7 -256.5 24
7847 580 -256.5 24

QuadrangleId = 354
n_id   x   y   z
7834 564.7 -234 24
7814 543 -234 24
8397 543 -256.5 24
8448 564.7 -256.5 24

QuadrangleId = 355
n_id   x   y   z
3920 328.5 -6.50003 31.8
3886 307.57 -6.50003 31.8
140 307.57 -29 31.8
159 328.5 -29 31.8

QuadrangleId = 356
n_id   x   y   z
159 328.5 -29 31.8
140 307.57 -29 31.8
3883 307.57 -63.1667 31.8
3914 328.5 -63.1667 31.8

QuadrangleId = 357
n_id   x   y   z
3914 328.5 -63.1667 31.8
3883 307.57 -63.1667 31.8
3881 307.57 -86.5 31.8
3910 328.5 -86.5 31.8

QuadrangleId = 358
n_id   x   y   z
3886 307.57 -6.50003 31.8
142 293 -6.50003 31.8
139 293 -29 31.8
140 307.57 -29 31.8

QuadrangleId = 359
n_id   x   y   z
140 307.57 -29 31.8
139 293 -29 31.8
135 293 -63.1667 31.8
3883 307.57 -63.1667 31.8

QuadrangleId = 360
n_id   x   y   z
3883 307.57 -63.1667 31.8
135 293 -63.1667 31.8
133 293 -86.5 31.8
3881 307.57 -86.5 31.8

QuadrangleId = 361
n_id   x   y   z
8099 328.5 -6.50003 24
7993 307.57 -6.50003 24
7671 307.57 -29 24
7690 328.5 -29 24

QuadrangleId = 362
n_id   x   y   z
7690 328.5 -29 24
7671 307.57 -29 24
7990 307.57 -63.1667 24
8084 328.5 -63.1667 24

QuadrangleId = 363
n_id   x   y   z
8084 328.5 -63.1667 24
7990 307.57 -63.1667 24
7988 307.57 -86.5 24
8071 328.5 -86.5 24

QuadrangleId = 364
n_id   x   y   z
7993 307.57 -6.50003 24
7673 293 -6.50003 24
7670 293 -29 24
7671 307.57 -29 24

QuadrangleId = 365
n_id   x   y   z
7671 307.57 -29 24
7670 293 -29 24
7666 293 -63.1667 24
7990 307.57 -63.1667 24

QuadrangleId = 366
n_id   x   y   z
7990 307.57 -63.1667 24
7666 293 -63.1667 24
7664 293 -86.5 24
7988 307.57 -86.5 24

QuadrangleId = 367
n_id   x   y   z
11734 543 73.5 31.8
11632 471.5 73.5 31.8
11630 471.5 50.167 31.8
11732 543 50.167 31.8

QuadrangleId = 368
n_id   x   y   z
11732 543 50.167 31.8
11630 471.5 50.167 31.8
8734 471.5 16 31.8
8776 543 16 31.8

QuadrangleId = 369
n_id   x   y   z
8776 543 16 31.8
8734 471.5 16 31.8
4124 471.5 -6.50004 31.8
4229 543 -6.50004 31.8

QuadrangleId = 370
n_id   x   y   z
31083 543 73.5 24
30945 471.5 73.5 24
30943 471.5 50.167 24
31081 543 50.167 24

QuadrangleId = 371
n_id   x   y   z
31081 543 50.167 24
30943 471.5 50.167 24
30450 471.5 16 24
30493 543 16 24

QuadrangleId = 372
n_id   x   y   z
30493 543 16 24
30450 471.5 16 24
8331 471.5 -6.50004 24
8444 543 -6.50004 24

QuadrangleId = 373
n_id   x   y   z
11632 471.5 73.5 31.8
11542 400 73.5 31.8
11540 400 50.167 31.8
11630 471.5 50.167 31.8

QuadrangleId = 374
n_id   x   y   z
11630 471.5 50.167 31.8
11540 400 50.167 31.8
8698 400 16 31.8
8734 471.5 16 31.8

QuadrangleId = 375
n_id   x   y   z
8734 471.5 16 31.8
8698 400 16 31.8
4022 400 -6.50003 31.8
4124 471.5 -6.50004 31.8

QuadrangleId = 376
n_id   x   y   z
30945 471.5 73.5 24
30855 400 73.5 24
30853 400 50.167 24
30943 471.5 50.167 24

QuadrangleId = 377
n_id   x   y   z
30943 471.5 50.167 24
30853 400 50.167 24
30414 400 16 24
30450 471.5 16 24

QuadrangleId = 378
n_id   x   y   z
30450 471.5 16 24
30414 400 16 24
8201 400 -6.50003 24
8331 471.5 -6.50004 24

QuadrangleId = 379
n_id   x   y   z
11542 400 73.5 31.8
11440 328.5 73.5 31.8
11438 328.5 50.167 31.8
11540 400 50.167 31.8

QuadrangleId = 380
n_id   x   y   z
11540 400 50.167 31.8
11438 328.5 50.167 31.8
8656 328.5 16 31.8
8698 400 16 31.8

QuadrangleId = 381
n_id   x   y   z
8698 400 16 31.8
8656 328.5 16 31.8
3920 328.5 -6.50003 31.8
4022 400 -6.50003 31.8

QuadrangleId = 382
n_id   x   y   z
30855 400 73.5 24
30702 328.5 73.5 24
30700 328.5 50.167 24
30853 400 50.167 24

QuadrangleId = 383
n_id   x   y   z
30853 400 50.167 24
30700 328.5 50.167 24
30371 328.5 16 24
30414 400 16 24

QuadrangleId = 384
n_id   x   y   z
30414 400 16 24
30371 328.5 16 24
8099 328.5 -6.50003 24
8201 400 -6.50003 24

QuadrangleId = 385
n_id   x   y   z
11440 328.5 73.5 31.8
11418 307.57 73.5 31.8
11416 307.57 50.012 31.8
11438 328.5 50.167 31.8

QuadrangleId = 386
n_id   x   y   z
11438 328.5 50.167 31.8
11416 307.57 50.012 31.8
8626 307.57 16 31.8
8656 328.5 16 31.8

QuadrangleId = 387
n_id   x   y   z
8656 328.5 16 31.8
8626 307.57 16 31.8
3886 307.57 -6.50003 31.8
3920 328.5 -6.50003 31.8

QuadrangleId = 388
n_id   x   y   z
11418 307.57 73.5 31.8
8665 293 73.5 31.8
8630 293 50.167 31.8
11416 307.57 50.012 31.8

QuadrangleId = 389
n_id   x   y   z
11416 307.57 50.012 31.8
8630 293 50.167 31.8
8636 293 16 31.7998
8626 307.57 16 31.8

QuadrangleId = 390
n_id   x   y   z
8626 307.57 16 31.8
8636 293 16 31.7998
142 293 -6.50003 31.8
3886 307.57 -6.50003 31.8

QuadrangleId = 391
n_id   x   y   z
30702 328.5 73.5 24
30659 307.57 73.5 24
30657 307.57 50.012 24
30700 328.5 50.167 24

QuadrangleId = 392
n_id   x   y   z
30700 328.5 50.167 24
30657 307.57 50.012 24
30341 307.57 16 24
30371 328.5 16 24

QuadrangleId = 393
n_id   x   y   z
30371 328.5 16 24
30341 307.57 16 24
7993 307.57 -6.50003 24
8099 328.5 -6.50003 24

QuadrangleId = 394
n_id   x   y   z
30659 307.57 73.5 24
30380 293 73.5 24
30345 293 50.167 24
30657 307.57 50.012 24

QuadrangleId = 395
n_id   x   y   z
30657 307.57 50.012 24
30345 293 50.167 24
30351 293 16 23.9998
30341 307.57 16 24

QuadrangleId = 396
n_id   x   y   z
30341 307.57 16 24
30351 293 16 23.9998
7673 293 -6.50003 24
7993 307.57 -6.50003 24

QuadrangleId = 397
n_id   x   y   z
11808 580 73.5 31.8
11780 564.7 73.5 31.8
11778 564.7 50.167 31.8
8811 580 49.394 31.8

QuadrangleId = 398
n_id   x   y   z
8811 580 49.394 31.8
11778 564.7 50.167 31.8
8796 564.7 16 31.8
8809 580 16 31.8

QuadrangleId = 399
n_id   x   y   z
8809 580 16 31.8
8796 564.7 16 31.8
4265 564.7 -6.50005 31.8
386 580 -6.50005 31.8

QuadrangleId = 400
n_id   x   y   z
11780 564.7 73.5 31.8
11734 543 73.5 31.8
11732 543 50.167 31.8
11778 564.7 50.167 31.8

QuadrangleId = 401
n_id   x   y   z
11778 564.7 50.167 31.8
11732 543 50.167 31.8
8776 543 16 31.8
8796 564.7 16 31.8

QuadrangleId = 402
n_id   x   y   z
8796 564.7 16 31.8
8776 543 16 31.8
4229 543 -6.50004 31.8
4265 564.7 -6.50005 31.8

QuadrangleId = 403
n_id   x   y   z
31157 580 73.5 24
31129 564.7 73.5 24
31127 564.7 50.167 24
30528 580 49.394 24

QuadrangleId = 404
n_id   x   y   z
30528 580 49.394 24
31127 564.7 50.167 24
30513 564.7 16 24
30526 580 16 24

QuadrangleId = 405
n_id   x   y   z
30526 580 16 24
30513 564.7 16 24
8480 564.7 -6.50005 24
7857 580 -6.50005 24

QuadrangleId = 406
n_id   x   y   z
31129 564.7 73.5 24
31083 543 73.5 24
31081 543 50.167 24
31127 564.7 50.167 24

QuadrangleId = 407
n_id   x   y   z
31127 564.7 50.167 24
31081 543 50.167 24
30493 543 16 24
30513 564.7 16 24

QuadrangleId = 408
n_id   x   y   z
30513 564.7 16 24
30493 543 16 24
8444 543 -6.50004 24
8480 564.7 -6.50005 24

QuadrangleId = 409
n_id   x   y   z
11770 543 243.5 31.8
11668 471.5 243.5 31.8
8752 471.5 221 31.8
8794 543 221 31.8

QuadrangleId = 410
n_id   x   y   z
8794 543 221 31.8
8752 471.5 221 31.8
11659 471.5 186.833 31.8
11761 543 186.833 31.8

QuadrangleId = 411
n_id   x   y   z
11761 543 186.833 31.8
11659 471.5 186.833 31.8
11653 471.5 163.5 31.8
11755 543 163.5 31.8

QuadrangleId = 412
n_id   x   y   z
31119 543 243.5 24
31009 471.5 243.5 24
30469 471.5 221 24
30511 543 221 24

QuadrangleId = 413
n_id   x   y   z
30511 543 221 24
30469 471.5 221 24
30972 471.5 186.833 24
31110 543 186.833 24

QuadrangleId = 414
n_id   x   y   z
31110 543 186.833 24
30972 471.5 186.833 24
30966 471.5 163.5 24
31104 543 163.5 24

QuadrangleId = 415
n_id   x   y   z
11668 471.5 243.5 31.8
11566 400 243.5 31.8
8710 400 221 31.8
8752 471.5 221 31.8

QuadrangleId = 416
n_id   x   y   z
8752 471.5 221 31.8
8710 400 221 31.8
11560 400 186.833 31.8
11659 471.5 186.833 31.8

QuadrangleId = 417
n_id   x   y   z
11659 471.5 186.833 31.8
11560 400 186.833 31.8
11556 400 163.5 31.8
11653 471.5 163.5 31.8

QuadrangleId = 418
n_id   x   y   z
31009 471.5 243.5 24
30879 400 243.5 24
30426 400 221 24
30469 471.5 221 24

QuadrangleId = 419
n_id   x   y   z
30469 471.5 221 24
30426 400 221 24
30873 400 186.833 24
30972 471.5 186.833 24

QuadrangleId = 420
n_id   x   y   z
30972 471.5 186.833 24
30873 400 186.833 24
30869 400 163.5 24
30966 471.5 163.5 24

QuadrangleId = 421
n_id   x   y   z
11566 400 243.5 31.8
11464 328.5 243.5 31.8
8669 328.5 221 31.8
8710 400 221 31.8

QuadrangleId = 422
n_id   x   y   z
8710 400 221 31.8
8669 328.5 221 31.8
11458 328.5 186.833 31.8
11560 400 186.833 31.8

QuadrangleId = 423
n_id   x   y   z
11560 400 186.833 31.8
11458 328.5 186.833 31.8
11454 328.5 163.5 31.8
11556 400 163.5 31.8

QuadrangleId = 424
n_id   x   y   z
30879 400 243.5 24
30777 328.5 243.5 24
30384 328.5 221 24
30426 400 221 24

QuadrangleId = 425
n_id   x   y   z
30426 400 221 24
30384 328.5 221 24
30762 328.5 186.833 24
30873 400 186.833 24

QuadrangleId = 426
n_id   x   y   z
30873 400 186.833 24
30762 328.5 186.833 24
30749 328.5 163.5 24
30869 400 163.5 24

QuadrangleId = 427
n_id   x   y   z
11464 328.5 243.5 31.8
11430 307.57 243.5 31.8
8652 307.57 221 31.8
8669 328.5 221 31.8

QuadrangleId = 428
n_id   x   y   z
8669 328.5 221 31.8
8652 307.57 221 31.8
11427 307.57 186.833 31.8
11458 328.5 186.833 31.8

QuadrangleId = 429
n_id   x   y   z
11458 328.5 186.833 31.8
11427 307.57 186.833 31.8
11425 307.57 163.5 31.8
11454 328.5 163.5 31.8

QuadrangleId = 430
n_id   x   y   z
11430 307.57 243.5 31.8
8654 293 243.5 31.8
8651 293 221 31.8
8652 307.57 221 31.8

QuadrangleId = 431
n_id   x   y   z
8652 307.57 221 31.8
8651 293 221 31.8
8647 293 186.833 31.8
11427 307.57 186.833 31.8

QuadrangleId = 432
n_id   x   y   z
11427 307.57 186.833 31.8
8647 293 186.833 31.8
8645 293 163.5 31.8
11425 307.57 163.5 31.8

QuadrangleId = 433
n_id   x   y   z
30777 328.5 243.5 24
30671 307.57 243.5 24
30367 307.57 221 24
30384 328.5 221 24

QuadrangleId = 434
n_id   x   y   z
30384 328.5 221 24
30367 307.57 221 24
30668 307.57 186.833 24
30762 328.5 186.833 24

QuadrangleId = 435
n_id   x   y   z
30762 328.5 186.833 24
30668 307.57 186.833 24
30666 307.57 163.5 24
30749 328.5 163.5 24

QuadrangleId = 436
n_id   x   y   z
30671 307.57 243.5 24
30369 293 243.5 24
30366 293 221 24
30367 307.57 221 24

QuadrangleId = 437
n_id   x   y   z
30367 307.57 221 24
30366 293 221 24
30362 293 186.833 24
30668 307.57 186.833 24

QuadrangleId = 438
n_id   x   y   z
30668 307.57 186.833 24
30362 293 186.833 24
30360 293 163.5 24
30666 307.57 163.5 24

QuadrangleId = 439
n_id   x   y   z
8818 580 243.5 31.8
11804 564.7 243.5 31.8
8808 564.7 221 31.8
8817 580 221 31.8

QuadrangleId = 440
n_id   x   y   z
8817 580 221 31.8
8808 564.7 221 31.8
11798 564.7 186.833 31.8
8815 580 187.589 31.8

QuadrangleId = 441
n_id   x   y   z
8815 580 187.589 31.8
11798 564.7 186.833 31.8
11794 564.7 163.5 31.8
11815 580 163.5 31.8

QuadrangleId = 442
n_id   x   y   z
11804 564.7 243.5 31.8
11770 543 243.5 31.8
8794 543 221 31.8
8808 564.7 221 31.8

QuadrangleId = 443
n_id   x   y   z
8808 564.7 221 31.8
8794 543 221 31.8
11761 543 186.833 31.8
11798 564.7 186.833 31.8

QuadrangleId = 444
n_id   x   y   z
11798 564.7 186.833 31.8
11761 543 186.833 31.8
11755 543 163.5 31.8
11794 564.7 163.5 31.8

QuadrangleId = 445
n_id   x   y   z
30535 580 243.5 24
31153 564.7 243.5 24
30525 564.7 221 24
30534 580 221 24

QuadrangleId = 446
n_id   x   y   z
30534 580 221 24
30525 564.7 221 24
31147 564.7 186.833 24
30532 580 187.589 24

QuadrangleId = 447
n_id   x   y   z
30532 580 187.589 24
31147 564.7 186.833 24
31143 564.7 163.5 24
31164 580 163.5 24

QuadrangleId = 448
n_id   x   y   z
31153 564.7 243.5 24
31119 543 243.5 24
30511 543 221 24
30525 564.7 221 24

QuadrangleId = 449
n_id   x   y   z
30525 564.7 221 24
30511 543 221 24
31110 543 186.833 24
31147 564.7 186.833 24

QuadrangleId = 450
n_id   x   y   z
31147 564.7 186.833 24
31110 543 186.833 24
31104 543 163.5 24
31143 564.7 163.5 24

QuadrangleId = 451
n_id   x   y   z
15363 543 323.5 31.8
15261 471.5 323.5 31.8
15259 471.5 300.167 31.8
15361 543 300.167 31.8

QuadrangleId = 452
n_id   x   y   z
15361 543 300.167 31.8
15259 471.5 300.167 31.8
12363 471.5 266 31.8
12405 543 266 31.8

QuadrangleId = 453
n_id   x   y   z
12405 543 266 31.8
12363 471.5 266 31.8
11668 471.5 243.5 31.8
11770 543 243.5 31.8

QuadrangleId = 454
n_id   x   y   z
34563 543 323.5 24
34425 471.5 323.5 24
34423 471.5 300.167 24
34561 543 300.167 24

QuadrangleId = 455
n_id   x   y   z
34561 543 300.167 24
34423 471.5 300.167 24
33930 471.5 266 24
33973 543 266 24

QuadrangleId = 456
n_id   x   y   z
33973 543 266 24
33930 471.5 266 24
31009 471.5 243.5 24
31119 543 243.5 24

QuadrangleId = 457
n_id   x   y   z
15261 471.5 323.5 31.8
15171 400 323.5 31.8
15169 400 300.167 31.8
15259 471.5 300.167 31.8

QuadrangleId = 458
n_id   x   y   z
15259 471.5 300.167 31.8
15169 400 300.167 31.8
12327 400 266 31.8
12363 471.5 266 31.8

QuadrangleId = 459
n_id   x   y   z
12363 471.5 266 31.8
12327 400 266 31.8
11566 400 243.5 31.8
11668 471.5 243.5 31.8

QuadrangleId = 460
n_id   x   y   z
34425 471.5 323.5 24
34335 400 323.5 24
34333 400 300.167 24
34423 471.5 300.167 24

QuadrangleId = 461
n_id   x   y   z
34423 471.5 300.167 24
34333 400 300.167 24
33894 400 266 24
33930 471.5 266 24

QuadrangleId = 462
n_id   x   y   z
33930 471.5 266 24
33894 400 266 24
30879 400 243.5 24
31009 471.5 243.5 24

QuadrangleId = 463
n_id   x   y   z
15171 400 323.5 31.8
15069 328.5 323.5 31.8
15067 328.5 300.167 31.8
15169 400 300.167 31.8

QuadrangleId = 464
n_id   x   y   z
15169 400 300.167 31.8
15067 328.5 300.167 31.8
12285 328.5 266 31.8
12327 400 266 31.8

QuadrangleId = 465
n_id   x   y   z
12327 400 266 31.8
12285 328.5 266 31.8
11464 328.5 243.5 31.8
11566 400 243.5 31.8

QuadrangleId = 466
n_id   x   y   z
34335 400 323.5 24
34182 328.5 323.5 24
34180 328.5 300.167 24
34333 400 300.167 24

QuadrangleId = 467
n_id   x   y   z
34333 400 300.167 24
34180 328.5 300.167 24
33851 328.5 266 24
33894 400 266 24

QuadrangleId = 468
n_id   x   y   z
33894 400 266 24
33851 328.5 266 24
30777 328.5 243.5 24
30879 400 243.5 24

QuadrangleId = 469
n_id   x   y   z
15069 328.5 323.5 31.8
15047 307.57 323.5 31.8
15045 307.57 300.012 31.8
15067 328.5 300.167 31.8

QuadrangleId = 470
n_id   x   y   z
15067 328.5 300.167 31.8
15045 307.57 300.012 31.8
12255 307.57 266 31.8
12285 328.5 266 31.8

QuadrangleId = 471
n_id   x   y   z
12285 328.5 266 31.8
12255 307.57 266 31.8
11430 307.57 243.5 31.8
11464 328.5 243.5 31.8

QuadrangleId = 472
n_id   x   y   z
15047 307.57 323.5 31.8
12294 293 323.5 31.8
12259 293 300.167 31.8
15045 307.57 300.012 31.8

QuadrangleId = 473
n_id   x   y   z
15045 307.57 300.012 31.8
12259 293 300.167 31.8
12265 293 266 31.7998
12255 307.57 266 31.8

QuadrangleId = 474
n_id   x   y   z
12255 307.57 266 31.8
12265 293 266 31.7998
8654 293 243.5 31.8
11430 307.57 243.5 31.8

QuadrangleId = 475
n_id   x   y   z
34182 328.5 323.5 24
34139 307.57 323.5 24
34137 307.57 300.012 24
34180 328.5 300.167 24

QuadrangleId = 476
n_id   x   y   z
34180 328.5 300.167 24
34137 307.57 300.012 24
33821 307.57 266 24
33851 328.5 266 24

QuadrangleId = 477
n_id   x   y   z
33851 328.5 266 24
33821 307.57 266 24
30671 307.57 243.5 24
30777 328.5 243.5 24

QuadrangleId = 478
n_id   x   y   z
34139 307.57 323.5 24
33860 293 323.5 24
33825 293 300.167 24
34137 307.57 300.012 24

QuadrangleId = 479
n_id   x   y   z
34137 307.57 300.012 24
33825 293 300.167 24
33831 293 266 23.9998
33821 307.57 266 24

QuadrangleId = 480
n_id   x   y   z
33821 307.57 266 24
33831 293 266 23.9998
30369 293 243.5 24
30671 307.57 243.5 24

QuadrangleId = 481
n_id   x   y   z
15437 580 323.5 31.8
15409 564.7 323.5 31.8
15407 564.7 300.167 31.8
12440 580 299.394 31.8

QuadrangleId = 482
n_id   x   y   z
12440 580 299.394 31.8
15407 564.7 300.167 31.8
12425 564.7 266 31.8
12438 580 266 31.8

QuadrangleId = 483
n_id   x   y   z
12438 580 266 31.8
12425 564.7 266 31.8
11804 564.7 243.5 31.8
8818 580 243.5 31.8

QuadrangleId = 484
n_id   x   y   z
15409 564.7 323.5 31.8
15363 543 323.5 31.8
15361 543 300.167 31.8
15407 564.7 300.167 31.8

QuadrangleId = 485
n_id   x   y   z
15407 564.7 300.167 31.8
15361 543 300.167 31.8
12405 543 266 31.8
12425 564.7 266 31.8

QuadrangleId = 486
n_id   x   y   z
12425 564.7 266 31.8
12405 543 266 31.8
11770 543 243.5 31.8
11804 564.7 243.5 31.8

QuadrangleId = 487
n_id   x   y   z
34637 580 323.5 24
34609 564.7 323.5 24
34607 564.7 300.167 24
34008 580 299.394 24

QuadrangleId = 488
n_id   x   y   z
34008 580 299.394 24
34607 564.7 300.167 24
33993 564.7 266 24
34006 580 266 24

QuadrangleId = 489
n_id   x   y   z
34006 580 266 24
33993 564.7 266 24
31153 564.7 243.5 24
30535 580 243.5 24

QuadrangleId = 490
n_id   x   y   z
34609 564.7 323.5 24
34563 543 323.5 24
34561 543 300.167 24
34607 564.7 300.167 24

QuadrangleId = 491
n_id   x   y   z
34607 564.7 300.167 24
34561 543 300.167 24
33973 543 266 24
33993 564.7 266 24

QuadrangleId = 492
n_id   x   y   z
33993 564.7 266 24
33973 543 266 24
31119 543 243.5 24
31153 564.7 243.5 24

QuadrangleId = 493
n_id   x   y   z
15399 543 493.5 31.8
15297 471.5 493.5 31.8
12381 471.5 471 31.8
12423 543 471 31.8

QuadrangleId = 494
n_id   x   y   z
12423 543 471 31.8
12381 471.5 471 31.8
15288 471.5 436.833 31.8
15390 543 436.833 31.8

QuadrangleId = 495
n_id   x   y   z
15390 543 436.833 31.8
15288 471.5 436.833 31.8
15282 471.5 413.5 31.8
15384 543 413.5 31.8

QuadrangleId = 496
n_id   x   y   z
34599 543 493.5 24
34489 471.5 493.5 24
33949 471.5 471 24
33991 543 471 24

QuadrangleId = 497
n_id   x   y   z
33991 543 471 24
33949 471.5 471 24
34452 471.5 436.833 24
34590 543 436.833 24

QuadrangleId = 498
n_id   x   y   z
34590 543 436.833 24
34452 471.5 436.833 24
34446 471.5 413.5 24
34584 543 413.5 24

QuadrangleId = 499
n_id   x   y   z
15297 471.5 493.5 31.8
15195 400 493.5 31.8
12339 400 471 31.8
12381 471.5 471 31.8

QuadrangleId = 500
n_id   x   y   z
12381 471.5 471 31.8
12339 400 471 31.8
15189 400 436.833 31.8
15288 471.5 436.833 31.8

QuadrangleId = 501
n_id   x   y   z
15288 471.5 436.833 31.8
15189 400 436.833 31.8
15185 400 413.5 31.8
15282 471.5 413.5 31.8

QuadrangleId = 502
n_id   x   y   z
34489 471.5 493.5 24
34359 400 493.5 24
33906 400 471 24
33949 471.5 471 24

QuadrangleId = 503
n_id   x   y   z
33949 471.5 471 24
33906 400 471 24
34353 400 436.833 24
34452 471.5 436.833 24

QuadrangleId = 504
n_id   x   y   z
34452 471.5 436.833 24
34353 400 436.833 24
34349 400 413.5 24
34446 471.5 413.5 24

QuadrangleId = 505
n_id   x   y   z
15195 400 493.5 31.8
15093 328.5 493.5 31.8
12298 328.5 471 31.8
12339 400 471 31.8

QuadrangleId = 506
n_id   x   y   z
12339 400 471 31.8
12298 328.5 471 31.8
15087 328.5 436.833 31.8
15189 400 436.833 31.8

QuadrangleId = 507
n_id   x   y   z
15189 400 436.833 31.8
15087 328.5 436.833 31.8
15083 328.5 413.5 31.8
15185 400 413.5 31.8

QuadrangleId = 508
n_id   x   y   z
34359 400 493.5 24
34257 328.5 493.5 24
33864 328.5 471 24
33906 400 471 24

QuadrangleId = 509
n_id   x   y   z
33906 400 471 24
33864 328.5 471 24
34242 328.5 436.833 24
34353 400 436.833 24

QuadrangleId = 510
n_id   x   y   z
34353 400 436.833 24
34242 328.5 436.833 24
34229 328.5 413.5 24
34349 400 413.5 24

QuadrangleId = 511
n_id   x   y   z
15093 328.5 493.5 31.8
15059 307.57 493.5 31.8
12281 307.57 471 31.8
12298 328.5 471 31.8

QuadrangleId = 512
n_id   x   y   z
12298 328.5 471 31.8
12281 307.57 471 31.8
15056 307.57 436.833 31.8
15087 328.5 436.833 31.8

QuadrangleId = 513
n_id   x   y   z
15087 328.5 436.833 31.8
15056 307.57 436.833 31.8
15054 307.57 413.5 31.8
15083 328.5 413.5 31.8

QuadrangleId = 514
n_id   x   y   z
15059 307.57 493.5 31.8
12283 293 493.5 31.8
12280 293 471 31.8
12281 307.57 471 31.8

QuadrangleId = 515
n_id   x   y   z
12281 307.57 471 31.8
12280 293 471 31.8
12276 293 436.833 31.8
15056 307.57 436.833 31.8

QuadrangleId = 516
n_id   x   y   z
15056 307.57 436.833 31.8
12276 293 436.833 31.8
12274 293 413.5 31.8
15054 307.57 413.5 31.8

QuadrangleId = 517
n_id   x   y   z
34257 328.5 493.5 24
34151 307.57 493.5 24
33847 307.57 471 24
33864 328.5 471 24

QuadrangleId = 518
n_id   x   y   z
33864 328.5 471 24
33847 307.57 471 24
34148 307.57 436.833 24
34242 328.5 436.833 24

QuadrangleId = 519
n_id   x   y   z
34242 328.5 436.833 24
34148 307.57 436.833 24
34146 307.57 413.5 24
34229 328.5 413.5 24

QuadrangleId = 520
n_id   x   y   z
34151 307.57 493.5 24
33849 293 493.5 24
33846 293 471 24
33847 307.57 471 24

QuadrangleId = 521
n_id   x   y   z
33847 307.57 471 24
33846 293 471 24
33842 293 436.833 24
34148 307.57 436.833 24

QuadrangleId = 522
n_id   x   y   z
34148 307.57 436.833 24
33842 293 436.833 24
33840 293 413.5 24
34146 307.57 413.5 24

QuadrangleId = 523
n_id   x   y   z
12447 580 493.5 31.8
15433 564.7 493.5 31.8
12437 564.7 471 31.8
12446 580 471 31.8

QuadrangleId = 524
n_id   x   y   z
12446 580 471 31.8
12437 564.7 471 31.8
15427 564.7 436.833 31.8
12444 580 437.589 31.8

QuadrangleId = 525
n_id   x   y   z
12444 580 437.589 31.8
15427 564.7 436.833 31.8
15423 564.7 413.5 31.8
15444 580 413.5 31.8

QuadrangleId = 526
n_id   x   y   z
15433 564.7 493.5 31.8
15399 543 493.5 31.8
12423 543 471 31.8
12437 564.7 471 31.8

QuadrangleId = 527
n_id   x   y   z
12437 564.7 471 31.8
12423 543 471 31.8
15390 543 436.833 31.8
15427 564.7 436.833 31.8

QuadrangleId = 528
n_id   x   y   z
15427 564.7 436.833 31.8
15390 543 436.833 31.8
15384 543 413.5 31.8
15423 564.7 413.5 31.8

QuadrangleId = 529
n_id   x   y   z
34015 580 493.5 24
34633 564.7 493.5 24
34005 564.7 471 24
34014 580 471 24

QuadrangleId = 530
n_id   x   y   z
34014 580 471 24
34005 564.7 471 24
34627 564.7 436.833 24
34012 580 437.589 24

QuadrangleId = 531
n_id   x   y   z
34012 580 437.589 24
34627 564.7 436.833 24
34623 564.7 413.5 24
34644 580 413.5 24

QuadrangleId = 532
n_id   x   y   z
34633 564.7 493.5 24
34599 543 493.5 24
33991 543 471 24
34005 564.7 471 24

QuadrangleId = 533
n_id   x   y   z
34005 564.7 471 24
33991 543 471 24
34590 543 436.833 24
34627 564.7 436.833 24

QuadrangleId = 534
n_id   x   y   z
34627 564.7 436.833 24
34590 543 436.833 24
34584 543 413.5 24
34623 564.7 413.5 24

QuadrangleId = 535
n_id   x   y   z
18992 543 573.5 31.8
18890 471.5 573.5 31.8
18888 471.5 550.167 31.8
18990 543 550.167 31.8

QuadrangleId = 536
n_id   x   y   z
18990 543 550.167 31.8
18888 471.5 550.167 31.8
15992 471.5 516 31.8
16034 543 516 31.8

QuadrangleId = 537
n_id   x   y   z
16034 543 516 31.8
15992 471.5 516 31.8
15297 471.5 493.5 31.8
15399 543 493.5 31.8

QuadrangleId = 538
n_id   x   y   z
38043 543 573.5 24
37905 471.5 573.5 24
37903 471.5 550.167 24
38041 543 550.167 24

QuadrangleId = 539
n_id   x   y   z
38041 543 550.167 24
37903 471.5 550.167 24
37410 471.5 516 24
37453 543 516 24

QuadrangleId = 540
n_id   x   y   z
37453 543 516 24
37410 471.5 516 24
34489 471.5 493.5 24
34599 543 493.5 24

QuadrangleId = 541
n_id   x   y   z
18890 471.5 573.5 31.8
18800 400 573.5 31.8
18798 400 550.167 31.8
18888 471.5 550.167 31.8

QuadrangleId = 542
n_id   x   y   z
18888 471.5 550.167 31.8
18798 400 550.167 31.8
15956 400 516 31.8
15992 471.5 516 31.8

QuadrangleId = 543
n_id   x   y   z
15992 471.5 516 31.8
15956 400 516 31.8
15195 400 493.5 31.8
15297 471.5 493.5 31.8

QuadrangleId = 544
n_id   x   y   z
37905 471.5 573.5 24
37815 400 573.5 24
37813 400 550.167 24
37903 471.5 550.167 24

QuadrangleId = 545
n_id   x   y   z
37903 471.5 550.167 24
37813 400 550.167 24
37374 400 516 24
37410 471.5 516 24

QuadrangleId = 546
n_id   x   y   z
37410 471.5 516 24
37374 400 516 24
34359 400 493.5 24
34489 471.5 493.5 24

QuadrangleId = 547
n_id   x   y   z
18800 400 573.5 31.8
18698 328.5 573.5 31.8
18696 328.5 550.167 31.8
18798 400 550.167 31.8

QuadrangleId = 548
n_id   x   y   z
18798 400 550.167 31.8
18696 328.5 550.167 31.8
15914 328.5 516 31.8
15956 400 516 31.8

QuadrangleId = 549
n_id   x   y   z
15956 400 516 31.8
15914 328.5 516 31.8
15093 328.5 493.5 31.8
15195 400 493.5 31.8

QuadrangleId = 550
n_id   x   y   z
37815 400 573.5 24
37662 328.5 573.5 24
37660 328.5 550.167 24
37813 400 550.167 24

QuadrangleId = 551
n_id   x   y   z
37813 400 550.167 24
37660 328.5 550.167 24
37331 328.5 516 24
37374 400 516 24

QuadrangleId = 552
n_id   x   y   z
37374 400 516 24
37331 328.5 516 24
34257 328.5 493.5 24
34359 400 493.5 24

QuadrangleId = 553
n_id   x   y   z
18698 328.5 573.5 31.8
18676 307.57 573.5 31.8
18674 307.57 550.012 31.8
18696 328.5 550.167 31.8

QuadrangleId = 554
n_id   x   y   z
18696 328.5 550.167 31.8
18674 307.57 550.012 31.8
15884 307.57 516 31.8
15914 328.5 516 31.8

QuadrangleId = 555
n_id   x   y   z
15914 328.5 516 31.8
15884 307.57 516 31.8
15059 307.57 493.5 31.8
15093 328.5 493.5 31.8

QuadrangleId = 556
n_id   x   y   z
18676 307.57 573.5 31.8
15923 293 573.5 31.8
15888 293 550.167 31.8
18674 307.57 550.012 31.8

QuadrangleId = 557
n_id   x   y   z
18674 307.57 550.012 31.8
15888 293 550.167 31.8
15894 293 516 31.7998
15884 307.57 516 31.8

QuadrangleId = 558
n_id   x   y   z
15884 307.57 516 31.8
15894 293 516 31.7998
12283 293 493.5 31.8
15059 307.57 493.5 31.8

QuadrangleId = 559
n_id   x   y   z
37662 328.5 573.5 24
37619 307.57 573.5 24
37617 307.57 550.012 24
37660 328.5 550.167 24

QuadrangleId = 560
n_id   x   y   z
37660 328.5 550.167 24
37617 307.57 550.012 24
37301 307.57 516 24
37331 328.5 516 24

QuadrangleId = 561
n_id   x   y   z
37331 328.5 516 24
37301 307.57 516 24
34151 307.57 493.5 24
34257 328.5 493.5 24

QuadrangleId = 562
n_id   x   y   z
37619 307.57 573.5 24
37340 293 573.5 24
37305 293 550.167 24
37617 307.57 550.012 24

QuadrangleId = 563
n_id   x   y   z
37617 307.57 550.012 24
37305 293 550.167 24
37311 293 516 23.9998
37301 307.57 516 24

QuadrangleId = 564
n_id   x   y   z
37301 307.57 516 24
37311 293 516 23.9998
33849 293 493.5 24
34151 307.57 493.5 24

QuadrangleId = 565
n_id   x   y   z
19066 580 573.5 31.8
19038 564.7 573.5 31.8
19036 564.7 550.167 31.8
16069 580 549.394 31.8

QuadrangleId = 566
n_id   x   y   z
16069 580 549.394 31.8
19036 564.7 550.167 31.8
16054 564.7 516 31.8
16067 580 516 31.8

QuadrangleId = 567
n_id   x   y   z
16067 580 516 31.8
16054 564.7 516 31.8
15433 564.7 493.5 31.8
12447 580 493.5 31.8

QuadrangleId = 568
n_id   x   y   z
19038 564.7 573.5 31.8
18992 543 573.5 31.8
18990 543 550.167 31.8
19036 564.7 550.167 31.8

QuadrangleId = 569
n_id   x   y   z
19036 564.7 550.167 31.8
18990 543 550.167 31.8
16034 543 516 31.8
16054 564.7 516 31.8

QuadrangleId = 570
n_id   x   y   z
16054 564.7 516 31.8
16034 543 516 31.8
15399 543 493.5 31.8
15433 564.7 493.5 31.8

QuadrangleId = 571
n_id   x   y   z
38117 580 573.5 24
38089 564.7 573.5 24
38087 564.7 550.167 24
37488 580 549.394 24

QuadrangleId = 572
n_id   x   y   z
37488 580 549.394 24
38087 564.7 550.167 24
37473 564.7 516 24
37486 580 516 24

QuadrangleId = 573
n_id   x   y   z
37486 580 516 24
37473 564.7 516 24
34633 564.7 493.5 24
34015 580 493.5 24

QuadrangleId = 574
n_id   x   y   z
38089 564.7 573.5 24
38043 543 573.5 24
38041 543 550.167 24
38087 564.7 550.167 24

QuadrangleId = 575
n_id   x   y   z
38087 564.7 550.167 24
38041 543 550.167 24
37453 543 516 24
37473 564.7 516 24

QuadrangleId = 576
n_id   x   y   z
37473 564.7 516 24
37453 543 516 24
34599 543 493.5 24
34633 564.7 493.5 24

QuadrangleId = 577
n_id   x   y   z
19028 543 743.5 31.8
18926 471.5 743.5 31.8
16010 471.5 721 31.8
16052 543 721 31.8

QuadrangleId = 578
n_id   x   y   z
16052 543 721 31.8
16010 471.5 721 31.8
18917 471.5 686.833 31.8
19019 543 686.833 31.8

QuadrangleId = 579
n_id   x   y   z
19019 543 686.833 31.8
18917 471.5 686.833 31.8
18911 471.5 663.5 31.8
19013 543 663.5 31.8

QuadrangleId = 580
n_id   x   y   z
38079 543 743.5 24
37969 471.5 743.5 24
37429 471.5 721 24
37471 543 721 24

QuadrangleId = 581
n_id   x   y   z
37471 543 721 24
37429 471.5 721 24
37932 471.5 686.833 24
38070 543 686.833 24

QuadrangleId = 582
n_id   x   y   z
38070 543 686.833 24
37932 471.5 686.833 24
37926 471.5 663.5 24
38064 543 663.5 24

QuadrangleId = 583
n_id   x   y   z
18926 471.5 743.5 31.8
18824 400 743.5 31.8
15968 400 721 31.8
16010 471.5 721 31.8

QuadrangleId = 584
n_id   x   y   z
16010 471.5 721 31.8
15968 400 721 31.8
18818 400 686.833 31.8
18917 471.5 686.833 31.8

QuadrangleId = 585
n_id   x   y   z
18917 471.5 686.833 31.8
18818 400 686.833 31.8
18814 400 663.5 31.8
18911 471.5 663.5 31.8

QuadrangleId = 586
n_id   x   y   z
37969 471.5 743.5 24
37839 400 743.5 24
37386 400 721 24
37429 471.5 721 24

QuadrangleId = 587
n_id   x   y   z
37429 471.5 721 24
37386 400 721 24
37833 400 686.833 24
37932 471.5 686.833 24

QuadrangleId = 588
n_id   x   y   z
37932 471.5 686.833 24
37833 400 686.833 24
37829 400 663.5 24
37926 471.5 663.5 24

QuadrangleId = 589
n_id   x   y   z
18824 400 743.5 31.8
18722 328.5 743.5 31.8
15927 328.5 721 31.8
15968 400 721 31.8

QuadrangleId = 590
n_id   x   y   z
15968 400 721 31.8
15927 328.5 721 31.8
18716 328.5 686.833 31.8
18818 400 686.833 31.8

QuadrangleId = 591
n_id   x   y   z
18818 400 686.833 31.8
18716 328.5 686.833 31.8
18712 328.5 663.5 31.8
18814 400 663.5 31.8

QuadrangleId = 592
n_id   x   y   z
37839 400 743.5 24
37737 328.5 743.5 24
37344 328.5 721 24
37386 400 721 24

QuadrangleId = 593
n_id   x   y   z
37386 400 721 24
37344 328.5 721 24
37722 328.5 686.833 24
37833 400 686.833 24

QuadrangleId = 594
n_id   x   y   z
37833 400 686.833 24
37722 328.5 686.833 24
37709 328.5 663.5 24
37829 400 663.5 24

QuadrangleId = 595
n_id   x   y   z
18722 328.5 743.5 31.8
18688 307.57 743.5 31.8
15910 307.57 721 31.8
15927 328.5 721 31.8

QuadrangleId = 596
n_id   x   y   z
15927 328.5 721 31.8
15910 307.57 721 31.8
18685 307.57 686.833 31.8
18716 328.5 686.833 31.8

QuadrangleId = 597
n_id   x   y   z
18716 328.5 686.833 31.8
18685 307.57 686.833 31.8
18683 307.57 663.5 31.8
18712 328.5 663.5 31.8

QuadrangleId = 598
n_id   x   y   z
18688 307.57 743.5 31.8
15912 293 743.5 31.8
15909 293 721 31.8
15910 307.57 721 31.8

QuadrangleId = 599
n_id   x   y   z
15910 307.57 721 31.8
15909 293 721 31.8
15905 293 686.833 31.8
18685 307.57 686.833 31.8

QuadrangleId = 600
n_id   x   y   z
18685 307.57 686.833 31.8
15905 293 686.833 31.8
15903 293 663.5 31.8
18683 307.57 663.5 31.8

QuadrangleId = 601
n_id   x   y   z
37737 328.5 743.5 24
37631 307.57 743.5 24
37327 307.57 721 24
37344 328.5 721 24

QuadrangleId = 602
n_id   x   y   z
37344 328.5 721 24
37327 307.57 721 24
37628 307.57 686.833 24
37722 328.5 686.833 24

QuadrangleId = 603
n_id   x   y   z
37722 328.5 686.833 24
37628 307.57 686.833 24
37626 307.57 663.5 24
37709 328.5 663.5 24

QuadrangleId = 604
n_id   x   y   z
37631 307.57 743.5 24
37329 293 743.5 24
37326 293 721 24
37327 307.57 721 24

QuadrangleId = 605
n_id   x   y   z
37327 307.57 721 24
37326 293 721 24
37322 293 686.833 24
37628 307.57 686.833 24

QuadrangleId = 606
n_id   x   y   z
37628 307.57 686.833 24
37322 293 686.833 24
37320 293 663.5 24
37626 307.57 663.5 24

QuadrangleId = 607
n_id   x   y   z
16076 580 743.5 31.8
19062 564.7 743.5 31.8
16066 564.7 721 31.8
16075 580 721 31.8

QuadrangleId = 608
n_id   x   y   z
16075 580 721 31.8
16066 564.7 721 31.8
19056 564.7 686.833 31.8
16073 580 687.589 31.8

QuadrangleId = 609
n_id   x   y   z
16073 580 687.589 31.8
19056 564.7 686.833 31.8
19052 564.7 663.5 31.8
19073 580 663.5 31.8

QuadrangleId = 610
n_id   x   y   z
19062 564.7 743.5 31.8
19028 543 743.5 31.8
16052 543 721 31.8
16066 564.7 721 31.8

QuadrangleId = 611
n_id   x   y   z
16066 564.7 721 31.8
16052 543 721 31.8
19019 543 686.833 31.8
19056 564.7 686.833 31.8

QuadrangleId = 612
n_id   x   y   z
19056 564.7 686.833 31.8
19019 543 686.833 31.8
19013 543 663.5 31.8
19052 564.7 663.5 31.8

QuadrangleId = 613
n_id   x   y   z
37495 580 743.5 24
38113 564.7 743.5 24
37485 564.7 721 24
37494 580 721 24

QuadrangleId = 614
n_id   x   y   z
37494 580 721 24
37485 564.7 721 24
38107 564.7 686.833 24
37492 580 687.589 24

QuadrangleId = 615
n_id   x   y   z
37492 580 687.589 24
38107 564.7 686.833 24
38103 564.7 663.5 24
38124 580 663.5 24

QuadrangleId = 616
n_id   x   y   z
38113 564.7 743.5 24
38079 543 743.5 24
37471 543 721 24
37485 564.7 721 24

QuadrangleId = 617
n_id   x   y   z
37485 564.7 721 24
37471 543 721 24
38070 543 686.833 24
38107 564.7 686.833 24

QuadrangleId = 618
n_id   x   y   z
38107 564.7 686.833 24
38070 543 686.833 24
38064 543 663.5 24
38103 564.7 663.5 24

QuadrangleId = 619
n_id   x   y   z
22621 543 823.5 31.8
22519 471.5 823.5 31.8
22517 471.5 800.167 31.8
22619 543 800.167 31.8

QuadrangleId = 620
n_id   x   y   z
22619 543 800.167 31.8
22517 471.5 800.167 31.8
19621 471.5 766 31.8
19663 543 766 31.8

QuadrangleId = 621
n_id   x   y   z
19663 543 766 31.8
19621 471.5 766 31.8
18926 471.5 743.5 31.8
19028 543 743.5 31.8

QuadrangleId = 622
n_id   x   y   z
41523 543 823.5 24
41385 471.5 823.5 24
41383 471.5 800.167 24
41521 543 800.167 24

QuadrangleId = 623
n_id   x   y   z
41521 543 800.167 24
41383 471.5 800.167 24
40890 471.5 766 24
40933 543 766 24

QuadrangleId = 624
n_id   x   y   z
40933 543 766 24
40890 471.5 766 24
37969 471.5 743.5 24
38079 543 743.5 24

QuadrangleId = 625
n_id   x   y   z
22519 471.5 823.5 31.8
22429 400 823.5 31.8
22427 400 800.167 31.8
22517 471.5 800.167 31.8

QuadrangleId = 626
n_id   x   y   z
22517 471.5 800.167 31.8
22427 400 800.167 31.8
19585 400 766 31.8
19621 471.5 766 31.8

QuadrangleId = 627
n_id   x   y   z
19621 471.5 766 31.8
19585 400 766 31.8
18824 400 743.5 31.8
18926 471.5 743.5 31.8

QuadrangleId = 628
n_id   x   y   z
41385 471.5 823.5 24
41295 400 823.5 24
41293 400 800.167 24
41383 471.5 800.167 24

QuadrangleId = 629
n_id   x   y   z
41383 471.5 800.167 24
41293 400 800.167 24
40854 400 766 24
40890 471.5 766 24

QuadrangleId = 630
n_id   x   y   z
40890 471.5 766 24
40854 400 766 24
37839 400 743.5 24
37969 471.5 743.5 24

QuadrangleId = 631
n_id   x   y   z
22429 400 823.5 31.8
22327 328.5 823.5 31.8
22325 328.5 800.167 31.8
22427 400 800.167 31.8

QuadrangleId = 632
n_id   x   y   z
22427 400 800.167 31.8
22325 328.5 800.167 31.8
19543 328.5 766 31.8
19585 400 766 31.8

QuadrangleId = 633
n_id   x   y   z
19585 400 766 31.8
19543 328.5 766 31.8
18722 328.5 743.5 31.8
18824 400 743.5 31.8

QuadrangleId = 634
n_id   x   y   z
41295 400 823.5 24
41142 328.5 823.5 24
41140 328.5 800.167 24
41293 400 800.167 24

QuadrangleId = 635
n_id   x   y   z
41293 400 800.167 24
41140 328.5 800.167 24
40811 328.5 766 24
40854 400 766 24

QuadrangleId = 636
n_id   x   y   z
40854 400 766 24
40811 328.5 766 24
37737 328.5 743.5 24
37839 400 743.5 24

QuadrangleId = 637
n_id   x   y   z
22327 328.5 823.5 31.8
22305 307.57 823.5 31.8
22303 307.57 800.012 31.8
22325 328.5 800.167 31.8

QuadrangleId = 638
n_id   x   y   z
22325 328.5 800.167 31.8
22303 307.57 800.012 31.8
19513 307.57 766 31.8
19543 328.5 766 31.8

QuadrangleId = 639
n_id   x   y   z
19543 328.5 766 31.8
19513 307.57 766 31.8
18688 307.57 743.5 31.8
18722 328.5 743.5 31.8

QuadrangleId = 640
n_id   x   y   z
22305 307.57 823.5 31.8
19552 293 823.5 31.8
19517 293 800.167 31.8
22303 307.57 800.012 31.8

QuadrangleId = 641
n_id   x   y   z
22303 307.57 800.012 31.8
19517 293 800.167 31.8
19523 293 766 31.7998
19513 307.57 766 31.8

QuadrangleId = 642
n_id   x   y   z
19513 307.57 766 31.8
19523 293 766 31.7998
15912 293 743.5 31.8
18688 307.57 743.5 31.8

QuadrangleId = 643
n_id   x   y   z
41142 328.5 823.5 24
41099 307.57 823.5 24
41097 307.57 800.012 24
41140 328.5 800.167 24

QuadrangleId = 644
n_id   x   y   z
41140 328.5 800.167 24
41097 307.57 800.012 24
40781 307.57 766 24
40811 328.5 766 24

QuadrangleId = 645
n_id   x   y   z
40811 328.5 766 24
40781 307.57 766 24
37631 307.57 743.5 24
37737 328.5 743.5 24

QuadrangleId = 646
n_id   x   y   z
41099 307.57 823.5 24
40820 293 823.5 24
40785 293 800.167 24
41097 307.57 800.012 24

QuadrangleId = 647
n_id   x   y   z
41097 307.57 800.012 24
40785 293 800.167 24
40791 293 766 23.9998
40781 307.57 766 24

QuadrangleId = 648
n_id   x   y   z
40781 307.57 766 24
40791 293 766 23.9998
37329 293 743.5 24
37631 307.57 743.5 24

QuadrangleId = 649
n_id   x   y   z
22695 580 823.5 31.8
22667 564.7 823.5 31.8
22665 564.7 800.167 31.8
19698 580 799.394 31.8

QuadrangleId = 650
n_id   x   y   z
19698 580 799.394 31.8
22665 564.7 800.167 31.8
19683 564.7 766 31.8
19696 580 766 31.8

QuadrangleId = 651
n_id   x   y   z
19696 580 766 31.8
19683 564.7 766 31.8
19062 564.7 743.5 31.8
16076 580 743.5 31.8

QuadrangleId = 652
n_id   x   y   z
22667 564.7 823.5 31.8
22621 543 823.5 31.8
22619 543 800.167 31.8
22665 564.7 800.167 31.8

QuadrangleId = 653
n_id   x   y   z
22665 564.7 800.167 31.8
22619 543 800.167 31.8
19663 543 766 31.8
19683 564.7 766 31.8

QuadrangleId = 654
n_id   x   y   z
19683 564.7 766 31.8
19663 543 766 31.8
19028 543 743.5 31.8
19062 564.7 743.5 31.8

QuadrangleId = 655
n_id   x   y   z
41597 580 823.5 24
41569 564.7 823.5 24
41567 564.7 800.167 24
40968 580 799.394 24

QuadrangleId = 656
n_id   x   y   z
40968 580 799.394 24
41567 564.7 800.167 24
40953 564.7 766 24
40966 580 766 24

QuadrangleId = 657
n_id   x   y   z
40966 580 766 24
40953 564.7 766 24
38113 564.7 743.5 24
37495 580 743.5 24

QuadrangleId = 658
n_id   x   y   z
41569 564.7 823.5 24
41523 543 823.5 24
41521 543 800.167 24
41567 564.7 800.167 24

QuadrangleId = 659
n_id   x   y   z
41567 564.7 800.167 24
41521 543 800.167 24
40933 543 766 24
40953 564.7 766 24

QuadrangleId = 660
n_id   x   y   z
40953 564.7 766 24
40933 543 766 24
38079 543 743.5 24
38113 564.7 743.5 24

QuadrangleId = 661
n_id   x   y   z
22657 543 993.5 31.8
22555 471.5 993.5 31.8
19639 471.5 971 31.8
19681 543 971 31.8

QuadrangleId = 662
n_id   x   y   z
19681 543 971 31.8
19639 471.5 971 31.8
22546 471.5 936.833 31.8
22648 543 936.833 31.8

QuadrangleId = 663
n_id   x   y   z
22648 543 936.833 31.8
22546 471.5 936.833 31.8
22540 471.5 913.5 31.8
22642 543 913.5 31.8

QuadrangleId = 664
n_id   x   y   z
41559 543 993.5 24
41449 471.5 993.5 24
40909 471.5 971 24
40951 543 971 24

QuadrangleId = 665
n_id   x   y   z
40951 543 971 24
40909 471.5 971 24
41412 471.5 936.833 24
41550 543 936.833 24

QuadrangleId = 666
n_id   x   y   z
41550 543 936.833 24
41412 471.5 936.833 24
41406 471.5 913.5 24
41544 543 913.5 24

QuadrangleId = 667
n_id   x   y   z
22555 471.5 993.5 31.8
22453 400 993.5 31.8
19597 400 971 31.8
19639 471.5 971 31.8

QuadrangleId = 668
n_id   x   y   z
19639 471.5 971 31.8
19597 400 971 31.8
22447 400 936.833 31.8
22546 471.5 936.833 31.8

QuadrangleId = 669
n_id   x   y   z
22546 471.5 936.833 31.8
22447 400 936.833 31.8
22443 400 913.5 31.8
22540 471.5 913.5 31.8

QuadrangleId = 670
n_id   x   y   z
41449 471.5 993.5 24
41319 400 993.5 24
40866 400 971 24
40909 471.5 971 24

QuadrangleId = 671
n_id   x   y   z
40909 471.5 971 24
40866 400 971 24
41313 400 936.833 24
41412 471.5 936.833 24

QuadrangleId = 672
n_id   x   y   z
41412 471.5 936.833 24
41313 400 936.833 24
41309 400 913.5 24
41406 471.5 913.5 24

QuadrangleId = 673
n_id   x   y   z
22453 400 993.5 31.8
22351 328.5 993.5 31.8
19556 328.5 971 31.8
19597 400 971 31.8

QuadrangleId = 674
n_id   x   y   z
19597 400 971 31.8
19556 328.5 971 31.8
22345 328.5 936.833 31.8
22447 400 936.833 31.8

QuadrangleId = 675
n_id   x   y   z
22447 400 936.833 31.8
22345 328.5 936.833 31.8
22341 328.5 913.5 31.8
22443 400 913.5 31.8

QuadrangleId = 676
n_id   x   y   z
41319 400 993.5 24
41217 328.5 993.5 24
40824 328.5 971 24
40866 400 971 24

QuadrangleId = 677
n_id   x   y   z
40866 400 971 24
40824 328.5 971 24
41202 328.5 936.833 24
41313 400 936.833 24

QuadrangleId = 678
n_id   x   y   z
41313 400 936.833 24
41202 328.5 936.833 24
41189 328.5 913.5 24
41309 400 913.5 24

QuadrangleId = 679
n_id   x   y   z
22351 328.5 993.5 31.8
22317 307.57 993.5 31.8
19539 307.57 971 31.8
19556 328.5 971 31.8

QuadrangleId = 680
n_id   x   y   z
19556 328.5 971 31.8
19539 307.57 971 31.8
22314 307.57 936.833 31.8
22345 328.5 936.833 31.8

QuadrangleId = 681
n_id   x   y   z
22345 328.5 936.833 31.8
22314 307.57 936.833 31.8
22312 307.57 913.5 31.8
22341 328.5 913.5 31.8

QuadrangleId = 682
n_id   x   y   z
22317 307.57 993.5 31.8
19541 293 993.5 31.8
19538 293 971 31.8
19539 307.57 971 31.8

QuadrangleId = 683
n_id   x   y   z
19539 307.57 971 31.8
19538 293 971 31.8
19534 293 936.833 31.8
22314 307.57 936.833 31.8

QuadrangleId = 684
n_id   x   y   z
22314 307.57 936.833 31.8
19534 293 936.833 31.8
19532 293 913.5 31.8
22312 307.57 913.5 31.8

QuadrangleId = 685
n_id   x   y   z
41217 328.5 993.5 24
41111 307.57 993.5 24
40807 307.57 971 24
40824 328.5 971 24

QuadrangleId = 686
n_id   x   y   z
40824 328.5 971 24
40807 307.57 971 24
41108 307.57 936.833 24
41202 328.5 936.833 24

QuadrangleId = 687
n_id   x   y   z
41202 328.5 936.833 24
41108 307.57 936.833 24
41106 307.57 913.5 24
41189 328.5 913.5 24

QuadrangleId = 688
n_id   x   y   z
41111 307.57 993.5 24
40809 293 993.5 24
40806 293 971 24
40807 307.57 971 24

QuadrangleId = 689
n_id   x   y   z
40807 307.57 971 24
40806 293 971 24
40802 293 936.833 24
41108 307.57 936.833 24

QuadrangleId = 690
n_id   x   y   z
41108 307.57 936.833 24
40802 293 936.833 24
40800 293 913.5 24
41106 307.57 913.5 24

QuadrangleId = 691
n_id   x   y   z
19705 580 993.5 31.8
22691 564.7 993.5 31.8
19695 564.7 971 31.8
19704 580 971 31.8

QuadrangleId = 692
n_id   x   y   z
19704 580 971 31.8
19695 564.7 971 31.8
22685 564.7 936.833 31.8
19702 580 937.589 31.8

QuadrangleId = 693
n_id   x   y   z
19702 580 937.589 31.8
22685 564.7 936.833 31.8
22681 564.7 913.5 31.8
22702 580 913.5 31.8

QuadrangleId = 694
n_id   x   y   z
22691 564.7 993.5 31.8
22657 543 993.5 31.8
19681 543 971 31.8
19695 564.7 971 31.8

QuadrangleId = 695
n_id   x   y   z
19695 564.7 971 31.8
19681 543 971 31.8
22648 543 936.833 31.8
22685 564.7 936.833 31.8

QuadrangleId = 696
n_id   x   y   z
22685 564.7 936.833 31.8
22648 543 936.833 31.8
22642 543 913.5 31.8
22681 564.7 913.5 31.8

QuadrangleId = 697
n_id   x   y   z
40975 580 993.5 24
41593 564.7 993.5 24
40965 564.7 971 24
40974 580 971 24

QuadrangleId = 698
n_id   x   y   z
40974 580 971 24
40965 564.7 971 24
41587 564.7 936.833 24
40972 580 937.589 24

QuadrangleId = 699
n_id   x   y   z
40972 580 937.589 24
41587 564.7 936.833 24
41583 564.7 913.5 24
41604 580 913.5 24

QuadrangleId = 700
n_id   x   y   z
41593 564.7 993.5 24
41559 543 993.5 24
40951 543 971 24
40965 564.7 971 24

QuadrangleId = 701
n_id   x   y   z
40965 564.7 971 24
40951 543 971 24
41550 543 936.833 24
41587 564.7 936.833 24

QuadrangleId = 702
n_id   x   y   z
41587 564.7 936.833 24
41550 543 936.833 24
41544 543 913.5 24
41583 564.7 913.5 24

